0 20
1 16
2 15
3 15
4 26
5 16
6 23
7 16
8 19
9 16
10 24
11 18
12 20
13 12
14 18
15 20
16 22
17 25
18 25
19 19
20 22
21 18
22 16
23 23
24 19
25 24
26 23
27 19
28 19
29 21
30 19
31 21
32 19
33 15
34 22
35 23
36 20
37 17
38 17
39 22
40 24
41 22
42 14
43 32
44 18
45 20
46 26
47 16
48 19
49 21
50 12
51 21
52 20
53 18
54 14
55 20
56 20
57 19
58 17
59 28
60 23
61 10
62 23
63 24
64 30
65 27
66 22
67 16
68 9
69 23
70 19
71 17
72 20
73 24
74 22
75 28
76 18
77 20
78 17
79 21
80 12
81 13
82 19
83 26
84 24
85 9
86 19
87 20
88 17
89 25
90 19
91 17
92 21
93 19
94 22
95 20
96 21
97 19
98 24
99 23
100 19
101 18
102 22
103 18
104 23
105 20
106 19
107 23
108 18
109 16
110 13
111 16
112 20
113 26
114 31
115 26
116 23
117 21
118 24
119 22
120 17
121 21
122 22
123 19
124 16
125 21
126 31
127 21
128 14
129 19
130 18
131 12
132 24
133 19
134 16
135 20
136 21
137 27
138 20
139 23
140 18
141 21
142 21
143 18
144 28
145 18
146 19
147 18
148 14
149 21
150 23
151 21
152 20
153 24
154 29
155 26
156 31
157 22
158 13
159 17
160 16
161 23
162 26
163 15
164 18
165 18
166 24
167 22
168 21
169 24
170 23
171 20
172 24
173 16
174 23
175 24
176 18
177 23
178 20
179 22
180 24
181 13
182 18
183 12
184 19
185 14
186 23
187 20
188 18
189 17
190 27
191 23
192 15
193 15
194 24
195 19
196 29
197 17
198 26
199 23
200 19
201 18
202 20
203 21
204 14
205 15
206 22
207 21
208 21
209 24
210 20
211 18
212 23
213 22
214 29
215 24
216 23
217 25
218 19
219 18
220 20
221 21
222 19
223 15
224 20
225 22
226 24
227 18
228 20
229 22
230 19
231 24
232 26
233 16
234 22
235 17
236 20
237 25
238 18
239 12
240 24
241 16
242 15
243 30
244 16
245 24
246 30
247 21
248 17
249 19
250 14
251 23
252 23
253 27
254 22
255 21
256 15
257 21
258 15
259 31
260 25
261 20
262 14
263 22
264 16
265 17
266 21
267 27
268 22
269 22
270 23
271 12
272 19
273 16
274 21
275 24
276 21
277 11
278 20
279 25
280 20
281 14
282 20
283 16
284 18
285 22
286 18
287 22
288 18
289 17
290 15
291 18
292 30
293 16
294 18
295 22
296 17
297 24
298 22
299 18
300 24
301 23
302 29
303 20
304 23
305 23
306 16
307 22
308 20
309 16
310 12
311 18
312 20
313 19
314 18
315 29
316 20
317 23
318 16
319 17
320 16
321 14
322 16
323 16
324 20
325 19
326 17
327 21
328 19
329 25
330 25
331 27
332 23
333 23
334 25
335 18
336 24
337 21
338 22
339 31
340 24
341 26
342 18
343 26
344 20
345 17
346 13
347 17
348 27
349 11
350 19
351 18
352 16
353 22
354 24
355 11
356 18
357 25
358 19
359 18
360 24
361 19
362 19
363 16
364 22
365 20
366 20
367 17
368 20
369 24
370 18
371 27
372 23
373 14
374 17
375 25
376 24
377 27
378 26
379 17
380 24
381 26
382 18
383 32
384 21
385 17
386 14
387 18
388 25
389 11
390 25
391 14
392 15
393 22
394 21
395 23
396 12
397 23
398 18
399 21
400 22
401 26
402 23
403 22
404 22
405 21
406 23
407 20
408 22
409 24
410 24
411 18
412 23
413 12
414 26
415 24
416 18
417 23
418 15
419 19
420 20
421 16
422 25
423 16
424 20
425 14
426 16
427 28
428 19
429 16
430 27
431 18
432 12
433 17
434 24
435 21
436 20
437 16
438 23
439 21
440 15
441 24
442 23
443 21
444 18
445 24
446 17
447 26
448 25
449 18
450 21
451 24
452 17
453 10
454 18
455 20
456 17
457 21
458 18
459 21
460 19
461 21
462 18
463 24
464 20
465 19
466 20
467 15
468 15
469 19
470 27
471 24
472 20
473 20
474 20
475 22
476 16
477 17
478 17
479 20
480 20
481 21
482 18
483 28
484 24
485 24
486 19
487 20
488 20
489 17
490 22
491 25
492 22
493 31
494 20
495 20
496 19
497 13
498 18
499 19
500 17
501 25
502 17
503 20
504 29
505 8
506 22
507 23
508 20
509 20
510 22
511 11
512 20
513 22
514 21
515 23
516 31
517 18
518 18
519 19
520 20
521 21
522 23
523 23
524 21
525 24
526 20
527 14
528 9
529 24
530 10
531 25
532 21
533 20
534 23
535 19
536 17
537 28
538 24
539 17
540 20
541 23
542 25
543 21
544 22
545 11
546 22
547 20
548 16
549 22
550 26
551 15
552 20
553 18
554 16
555 22
556 17
557 24
558 14
559 19
560 27
561 20
562 21
563 15
564 21
565 31
566 20
567 17
568 12
569 24
570 17
571 21
572 17
573 16
574 21
575 18
576 17
577 16
578 27
579 16
580 20
581 22
582 19
583 25
584 20
585 23
586 15
587 24
588 21
589 24
590 11
591 17
592 22
593 25
594 27
595 16
596 14
597 17
598 18
599 14
600 26
601 26
602 20
603 24
604 15
605 23
606 14
607 15
608 11
609 29
610 18
611 24
612 20
613 16
614 18
615 13
616 20
617 12
618 27
619 17
620 22
621 15
622 19
623 26
624 23
625 25
626 20
627 16
628 15
629 6
630 18
631 13
632 28
633 21
634 18
635 19
636 19
637 26
638 22
639 18
640 20
641 20
642 28
643 21
644 18
645 15
646 10
647 19
648 14
649 21
650 19
651 16
652 11
653 27
654 19
655 16
656 19
657 18
658 27
659 22
660 14
661 17
662 24
663 18
664 16
665 22
666 20
667 14
668 21
669 13
670 17
671 18
672 18
673 23
674 18
675 27
676 24
677 16
678 19
679 19
680 20
681 19
682 20
683 17
684 20
685 19
686 13
687 20
688 35
689 19
690 33
691 25
692 14
693 13
694 22
695 26
696 16
697 15
698 30
699 20
700 17
701 25
702 24
703 15
704 22
705 21
706 23
707 10
708 21
709 28
710 18
711 18
712 18
713 24
714 19
715 21
716 15
717 15
718 22
719 23
720 25
721 19
722 16
723 24
724 23
725 20
726 21
727 18
728 23
729 29
730 26
731 21
732 20
733 15
734 22
735 29
736 15
737 25
738 14
739 22
740 13
741 21
742 15
743 30
744 22
745 18
746 28
747 22
748 22
749 20
750 26
751 16
752 18
753 13
754 24
755 24
756 15
757 29
758 18
759 27
760 13
761 21
762 20
763 25
764 21
765 22
766 18
767 27
768 24
769 20
770 21
771 11
772 19
773 20
774 14
775 19
776 18
777 15
778 14
779 9
780 20
781 17
782 20
783 33
784 22
785 16
786 15
787 22
788 23
789 18
790 22
791 30
792 19
793 17
794 18
795 17
796 19
797 24
798 12
799 21
800 20
801 18
802 21
803 22
804 23
805 26
806 22
807 18
808 20
809 18
810 26
811 18
812 23
813 13
814 23
815 20
816 18
817 15
818 20
819 16
820 18
821 16
822 15
823 19
824 23
825 14
826 16
827 21
828 22
829 20
830 13
831 18
832 13
833 16
834 14
835 17
836 18
837 25
838 19
839 20
840 17
841 25
842 26
843 17
844 21
845 15
846 18
847 17
848 26
849 22
850 19
851 21
852 18
853 20
854 24
855 14
856 26
857 23
858 12
859 15
860 24
861 20
862 18
863 21
864 24
865 29
866 23
867 22
868 23
869 22
870 13
871 20
872 21
873 26
874 16
875 15
876 20
877 28
878 14
879 18
880 29
881 19
882 28
883 23
884 21
885 24
886 22
887 21
888 9
889 22
890 27
891 23
892 28
893 21
894 21
895 20
896 15
897 18
898 20
899 27
900 23
901 15
902 30
903 24
904 25
905 24
906 18
907 22
908 14
909 21
910 27
911 21
912 15
913 24
914 19
915 19
916 20
917 26
918 16
919 20
920 28
921 14
922 21
923 28
924 22
925 20
926 15
927 13
928 23
929 16
930 16
931 21
932 24
933 21
934 15
935 20
936 26
937 22
938 22
939 14
940 24
941 24
942 15
943 16
944 16
945 17
946 16
947 19
948 15
949 18
950 23
951 32
952 22
953 14
954 9
955 23
956 25
957 14
958 24
959 21
960 17
961 23
962 16
963 25
964 13
965 24
966 20
967 21
968 15
969 19
970 22
971 13
972 19
973 20
974 16
975 15
976 17
977 18
978 15
979 20
980 14
981 19
982 28
983 22
984 19
985 23
986 13
987 17
988 23
989 21
990 20
991 13
992 16
993 20
994 19
995 17
996 16
997 25
998 22
999 19
1000 28
1001 25
1002 13
1003 20
1004 23
1005 12
1006 14
1007 24
1008 23
1009 16
1010 23
1011 24
1012 20
1013 19
1014 20
1015 21
1016 15
1017 24
1018 17
1019 29
1020 17
1021 20
1022 16
1023 9
1024 14
1025 14
1026 19
1027 21
1028 28
1029 18
1030 26
1031 24
1032 15
1033 23
1034 18
1035 19
1036 26
1037 25
1038 20
1039 27
1040 20
1041 18
1042 17
1043 17
1044 14
1045 34
1046 22
1047 18
1048 13
1049 22
1050 18
1051 23
1052 17
1053 27
1054 18
1055 11
1056 25
1057 13
1058 20
1059 23
1060 21
1061 20
1062 29
1063 23
1064 16
1065 19
1066 20
1067 16
1068 21
1069 19
1070 20
1071 17
1072 20
1073 14
1074 10
1075 13
1076 19
1077 17
1078 18
1079 11
1080 24
1081 18
1082 22
1083 20
1084 20
1085 14
1086 23
1087 17
1088 20
1089 17
1090 24
1091 18
1092 22
1093 14
1094 23
1095 21
1096 15
1097 19
1098 11
1099 20
1100 16
1101 21
1102 23
1103 23
1104 17
1105 18
1106 19
1107 19
1108 22
1109 23
1110 25
1111 26
1112 24
1113 19
1114 26
1115 20
1116 16
1117 24
1118 29
1119 13
1120 18
1121 16
1122 18
1123 17
1124 14
1125 21
1126 27
1127 16
1128 27
1129 17
1130 26
1131 17
1132 27
1133 29
1134 17
1135 27
1136 25
1137 25
1138 18
1139 17
1140 18
1141 15
1142 27
1143 12
1144 17
1145 19
1146 26
1147 20
1148 23
1149 18
1150 10
1151 24
1152 14
1153 17
1154 24
1155 15
1156 19
1157 15
1158 25
1159 17
1160 16
1161 18
1162 23
1163 24
1164 13
1165 23
1166 25
1167 14
1168 22
1169 11
1170 24
1171 17
1172 23
1173 28
1174 16
1175 19
1176 20
1177 23
1178 18
1179 19
1180 18
1181 18
1182 26
1183 23
1184 12
1185 31
1186 13
1187 18
1188 21
1189 20
1190 21
1191 20
1192 25
1193 28
1194 14
1195 22
1196 17
1197 19
1198 24
1199 22
1200 30
1201 17
1202 29
1203 18
1204 21
1205 19
1206 21
1207 26
1208 20
1209 15
1210 18
1211 16
1212 18
1213 16
1214 20
1215 21
1216 31
1217 16
1218 29
1219 19
1220 17
1221 19
1222 21
1223 15
1224 17
1225 20
1226 25
1227 14
1228 18
1229 21
1230 19
1231 20
1232 18
1233 16
1234 17
1235 21
1236 18
1237 25
1238 10
1239 27
1240 17
1241 18
1242 12
1243 18
1244 16
1245 13
1246 19
1247 20
1248 17
1249 22
1250 20
1251 18
1252 22
1253 18
1254 16
1255 22
1256 19
1257 22
1258 15
1259 13
1260 20
1261 20
1262 25
1263 17
1264 15
1265 15
1266 16
1267 18
1268 22
1269 21
1270 20
1271 23
1272 16
1273 22
1274 23
1275 18
1276 15
1277 24
1278 25
1279 13
1280 21
1281 24
1282 11
1283 11
1284 14
1285 21
1286 20
1287 16
1288 14
1289 16
1290 15
1291 19
1292 16
1293 30
1294 23
1295 21
1296 25
1297 20
1298 16
1299 24
1300 27
1301 16
1302 21
1303 24
1304 26
1305 22
1306 18
1307 21
1308 21
1309 25
1310 22
1311 17
1312 16
1313 20
1314 22
1315 16
1316 21
1317 17
1318 15
1319 19
1320 13
1321 13
1322 19
1323 23
1324 15
1325 20
1326 25
1327 32
1328 21
1329 15
1330 10
1331 19
1332 23
1333 27
1334 25
1335 16
1336 21
1337 13
1338 23
1339 17
1340 14
1341 25
1342 21
1343 30
1344 17
1345 16
1346 17
1347 23
1348 24
1349 10
1350 23
1351 26
1352 17
1353 22
1354 23
1355 20
1356 24
1357 14
1358 32
1359 21
1360 25
1361 26
1362 17
1363 21
1364 22
1365 16
1366 16
1367 25
1368 20
1369 22
1370 16
1371 18
1372 17
1373 20
1374 18
1375 22
1376 22
1377 17
1378 17
1379 26
1380 25
1381 19
1382 19
1383 20
1384 19
1385 17
1386 13
1387 26
1388 19
1389 14
1390 21
1391 26
1392 21
1393 10
1394 21
1395 16
1396 20
1397 16
1398 14
1399 21
1400 21
1401 17
1402 19
1403 24
1404 17
1405 20
1406 18
1407 22
1408 21
1409 20
1410 24
1411 27
1412 18
1413 14
1414 28
1415 21
1416 22
1417 19
1418 15
1419 18
1420 11
1421 21
1422 23
1423 16
1424 27
1425 12
1426 20
1427 21
1428 16
1429 22
1430 18
1431 16
1432 16
1433 20
1434 17
1435 15
1436 22
1437 11
1438 28
1439 22
1440 22
1441 28
1442 18
1443 19
1444 27
1445 15
1446 25
1447 20
1448 21
1449 30
1450 29
1451 20
1452 22
1453 28
1454 29
1455 24
1456 23
1457 26
1458 21
1459 19
1460 27
1461 17
1462 19
1463 19
1464 22
1465 20
1466 23
1467 17
1468 21
1469 21
1470 25
1471 22
1472 16
1473 26
1474 22
1475 20
1476 17
1477 31
1478 23
1479 14
1480 14
1481 29
1482 20
1483 20
1484 17
1485 19
1486 21
1487 25
1488 24
1489 21
1490 16
1491 28
1492 19
1493 17
1494 24
1495 21
1496 24
1497 23
1498 13
1499 21
1500 21
1501 23
1502 20
1503 11
1504 21
1505 34
1506 28
1507 26
1508 24
1509 19
1510 25
1511 19
1512 17
1513 13
1514 23
1515 20
1516 18
1517 21
1518 17
1519 17
1520 22
1521 16
1522 23
1523 23
1524 14
1525 20
1526 25
1527 21
1528 26
1529 24
1530 16
1531 25
1532 18
1533 22
1534 26
1535 12
1536 28
1537 26
1538 24
1539 21
1540 22
1541 19
1542 14
1543 19
1544 27
1545 13
1546 19
1547 17
1548 10
1549 24
1550 18
1551 21
1552 15
1553 17
1554 34
1555 28
1556 26
1557 21
1558 15
1559 17
1560 17
1561 25
1562 18
1563 26
1564 18
1565 17
1566 27
1567 17
1568 15
1569 20
1570 19
1571 23
1572 24
1573 34
1574 16
1575 24
1576 20
1577 23
1578 15
1579 19
1580 19
1581 19
1582 18
1583 20
1584 17
1585 17
1586 21
1587 22
1588 27
1589 18
1590 25
1591 16
1592 23
1593 19
1594 18
1595 20
1596 17
1597 17
1598 16
1599 18
1600 22
1601 27
1602 18
1603 17
1604 21
1605 18
1606 12
1607 21
1608 23
1609 19
1610 21
1611 27
1612 21
1613 21
1614 24
1615 16
1616 14
1617 20
1618 15
1619 22
1620 17
1621 21
1622 22
1623 21
1624 24
1625 13
1626 27
1627 28
1628 13
1629 21
1630 15
1631 22
1632 16
1633 17
1634 20
1635 23
1636 23
1637 15
1638 23
1639 13
1640 25
1641 18
1642 22
1643 25
1644 22
1645 19
1646 23
1647 19
1648 21
1649 23
1650 20
1651 16
1652 21
1653 20
1654 20
1655 16
1656 19
1657 13
1658 16
1659 19
1660 23
1661 22
1662 23
1663 19
1664 21
1665 24
1666 26
1667 8
1668 15
1669 15
1670 17
1671 21
1672 22
1673 19
1674 20
1675 20
1676 24
1677 11
1678 21
1679 19
1680 12
1681 21
1682 23
1683 17
1684 16
1685 26
1686 20
1687 23
1688 16
1689 10
1690 23
1691 23
1692 10
1693 13
1694 15
1695 14
1696 21
1697 12
1698 32
1699 23
1700 26
1701 15
1702 24
1703 19
1704 19
1705 23
1706 18
1707 24
1708 22
1709 16
1710 17
1711 27
1712 23
1713 13
1714 18
1715 24
1716 15
1717 21
1718 18
1719 17
1720 19
1721 20
1722 17
1723 10
1724 23
1725 17
1726 22
1727 22
1728 17
1729 19
1730 16
1731 13
1732 20
1733 21
1734 20
1735 15
1736 24
1737 18
1738 24
1739 22
1740 25
1741 21
1742 28
1743 18
1744 22
1745 19
1746 15
1747 25
1748 19
1749 20
1750 19
1751 27
1752 16
1753 16
1754 10
1755 20
1756 25
1757 25
1758 16
1759 20
1760 18
1761 12
1762 24
1763 14
1764 26
1765 16
1766 17
1767 20
1768 18
1769 12
1770 23
1771 28
1772 21
1773 16
1774 22
1775 17
1776 16
1777 24
1778 18
1779 18
1780 27
1781 19
1782 31
1783 23
1784 21
1785 23
1786 20
1787 23
1788 26
1789 28
1790 26
1791 11
1792 15
1793 21
1794 16
1795 14
1796 19
1797 21
1798 24
1799 18
1800 25
1801 15
1802 18
1803 15
1804 26
1805 18
1806 21
1807 26
1808 12
1809 17
1810 19
1811 22
1812 20
1813 20
1814 13
1815 18
1816 15
1817 22
1818 8
1819 15
1820 38
1821 17
1822 19
1823 14
1824 20
1825 21
1826 13
1827 24
1828 23
1829 28
1830 14
1831 21
1832 24
1833 23
1834 24
1835 31
1836 17
1837 11
1838 21
1839 17
1840 26
1841 18
1842 13
1843 18
1844 18
1845 32
1846 19
1847 23
1848 19
1849 24
1850 27
1851 27
1852 19
1853 21
1854 16
1855 16
1856 14
1857 20
1858 16
1859 20
1860 17
1861 17
1862 19
1863 16
1864 15
1865 13
1866 15
1867 29
1868 21
1869 15
1870 24
1871 18
1872 19
1873 17
1874 23
1875 26
1876 13
1877 15
1878 11
1879 19
1880 19
1881 15
1882 16
1883 16
1884 22
1885 29
1886 11
1887 22
1888 15
1889 24
1890 19
1891 20
1892 14
1893 30
1894 22
1895 21
1896 15
1897 20
1898 19
1899 17
1900 13
1901 17
1902 25
1903 20
1904 26
1905 14
1906 21
1907 12
1908 15
1909 25
1910 14
1911 19
1912 20
1913 24
1914 19
1915 25
1916 26
1917 16
1918 29
1919 17
1920 18
1921 25
1922 23
1923 17
1924 12
1925 20
1926 28
1927 11
1928 22
1929 21
1930 21
1931 16
1932 24
1933 18
1934 24
1935 23
1936 20
1937 19
1938 24
1939 18
1940 16
1941 17
1942 20
1943 24
1944 20
1945 11
1946 25
1947 19
1948 18
1949 24
1950 28
1951 25
1952 21
1953 27
1954 18
1955 21
1956 26
1957 22
1958 25
1959 29
1960 28
1961 23
1962 27
1963 23
1964 25
1965 19
1966 20
1967 26
1968 22
1969 18
1970 21
1971 14
1972 24
1973 28
1974 20
1975 18
1976 25
1977 19
1978 19
1979 18
1980 20
1981 13
1982 17
1983 22
1984 14
1985 15
1986 15
1987 18
1988 14
1989 27
1990 25
1991 17
1992 18
1993 18
1994 26
1995 28
1996 13
1997 27
1998 38
1999 34
2000 10
2001 16
2002 35
2003 20
2004 17
2005 27
2006 23
2007 26
2008 25
2009 19
2010 12
2011 17
2012 18
2013 22
2014 17
2015 17
2016 22
2017 26
2018 20
2019 21
2020 23
2021 18
2022 20
2023 19
2024 19
2025 19
2026 25
2027 17
2028 15
2029 22
2030 14
2031 16
2032 15
2033 20
2034 18
2035 17
2036 19
2037 16
2038 12
2039 24
2040 17
2041 23
2042 15
2043 21
2044 12
2045 26
2046 16
2047 10
2048 18
2049 16
2050 20
2051 22
2052 27
2053 21
2054 13
2055 20
2056 20
2057 16
2058 26
2059 24
2060 19
2061 19
2062 7
2063 22
2064 23
2065 21
2066 18
2067 19
2068 25
2069 21
2070 17
2071 15
2072 27
2073 29
2074 17
2075 21
2076 18
2077 15
2078 21
2079 19
2080 22
2081 21
2082 18
2083 9
2084 17
2085 19
2086 14
2087 20
2088 24
2089 22
2090 26
2091 16
2092 19
2093 15
2094 21
2095 18
2096 27
2097 19
2098 25
2099 22
2100 17
2101 19
2102 15
2103 23
2104 21
2105 22
2106 14
2107 21
2108 30
2109 23
2110 16
2111 18
2112 21
2113 24
2114 22
2115 22
2116 29
2117 20
2118 22
2119 21
2120 23
2121 19
2122 18
2123 19
2124 24
2125 18
2126 21
2127 16
2128 18
2129 29
2130 17
2131 16
2132 22
2133 21
2134 23
2135 29
2136 23
2137 24
2138 27
2139 20
2140 26
2141 25
2142 16
2143 16
2144 15
2145 17
2146 21
2147 20
2148 15
2149 16
2150 15
2151 15
2152 19
2153 23
2154 21
2155 28
2156 26
2157 25
2158 31
2159 21
2160 25
2161 19
2162 24
2163 12
2164 16
2165 16
2166 26
2167 10
2168 21
2169 16
2170 22
2171 22
2172 16
2173 27
2174 20
2175 21
2176 26
2177 26
2178 18
2179 22
2180 25
2181 14
2182 20
2183 21
2184 24
2185 20
2186 14
2187 17
2188 19
2189 21
2190 23
2191 19
2192 17
2193 18
2194 16
2195 20
2196 21
2197 23
2198 19
2199 14
2200 25
2201 16
2202 25
2203 23
2204 17
2205 15
2206 14
2207 22
2208 24
2209 16
2210 24
2211 18
2212 22
2213 16
2214 19
2215 14
2216 20
2217 19
2218 22
2219 27
2220 19
2221 26
2222 17
2223 23
2224 18
2225 17
2226 25
2227 18
2228 18
2229 16
2230 22
2231 21
2232 15
2233 17
2234 22
2235 24
2236 22
2237 25
2238 15
2239 22
2240 24
2241 22
2242 27
2243 18
2244 19
2245 25
2246 18
2247 24
2248 17
2249 20
2250 20
2251 19
2252 17
2253 20
2254 13
2255 28
2256 13
2257 18
2258 18
2259 23
2260 16
2261 15
2262 19
2263 17
2264 13
2265 15
2266 22
2267 24
2268 21
2269 24
2270 26
2271 21
2272 17
2273 24
2274 19
2275 21
2276 26
2277 20
2278 24
2279 19
2280 26
2281 24
2282 21
2283 21
2284 19
2285 20
2286 25
2287 21
2288 19
2289 21
2290 20
2291 27
2292 28
2293 18
2294 20
2295 27
2296 18
2297 22
2298 21
2299 20
2300 23
2301 27
2302 23
2303 19
2304 21
2305 20
2306 17
2307 17
2308 19
2309 23
2310 18
2311 22
2312 21
2313 25
2314 24
2315 17
2316 26
2317 19
2318 18
2319 22
2320 18
2321 10
2322 26
2323 19
2324 14
2325 17
2326 25
2327 17
2328 16
2329 14
2330 15
2331 16
2332 21
2333 20
2334 18
2335 15
2336 18
2337 14
2338 30
2339 13
2340 16
2341 23
2342 16
2343 18
2344 23
2345 33
2346 21
2347 20
2348 29
2349 18
2350 23
2351 14
2352 21
2353 30
2354 22
2355 31
2356 16
2357 20
2358 14
2359 25
2360 27
2361 19
2362 20
2363 27
2364 20
2365 16
2366 20
2367 22
2368 19
2369 22
2370 15
2371 18
2372 18
2373 23
2374 19
2375 24
2376 11
2377 18
2378 16
2379 24
2380 22
2381 20
2382 25
2383 12
2384 26
2385 12
2386 19
2387 24
2388 17
2389 18
2390 18
2391 21
2392 14
2393 24
2394 21
2395 14
2396 24
2397 19
2398 19
2399 30
2400 17
2401 27
2402 21
2403 24
2404 20
2405 20
2406 11
2407 27
2408 16
2409 19
2410 22
2411 22
2412 16
2413 20
2414 22
2415 17
2416 14
2417 26
2418 31
2419 24
2420 25
2421 22
2422 12
2423 24
2424 23
2425 19
2426 17
2427 11
2428 15
2429 24
2430 21
2431 27
2432 18
2433 14
2434 12
2435 22
2436 10
2437 20
2438 27
2439 23
2440 23
2441 22
2442 19
2443 22
2444 21
2445 29
2446 21
2447 26
2448 26
2449 23
2450 18
2451 23
2452 17
2453 21
2454 19
2455 16
2456 19
2457 18
2458 15
2459 18
2460 34
2461 17
2462 22
2463 26
2464 20
2465 20
2466 20
2467 23
2468 17
2469 20
2470 13
2471 29
2472 26
2473 16
2474 30
2475 21
2476 17
2477 36
2478 22
2479 23
2480 13
2481 19
2482 32
2483 15
2484 23
2485 15
2486 19
2487 24
2488 19
2489 16
2490 23
2491 21
2492 16
2493 17
2494 15
2495 21
2496 24
2497 24
2498 21
2499 19
2500 18
2501 21
2502 24
2503 19
2504 22
2505 23
2506 23
2507 23
2508 15
2509 28
2510 28
2511 18
2512 25
2513 25
2514 20
2515 21
2516 23
2517 16
2518 20
2519 18
2520 17
2521 30
2522 20
2523 13
2524 21
2525 13
2526 26
2527 18
2528 16
2529 24
2530 19
2531 24
2532 14
2533 19
2534 25
2535 17
2536 20
2537 13
2538 13
2539 21
2540 18
2541 24
2542 16
2543 30
2544 14
2545 12
2546 18
2547 19
2548 19
2549 26
2550 22
2551 20
2552 20
2553 18
2554 19
2555 16
2556 25
2557 22
2558 27
2559 18
2560 20
2561 19
2562 20
2563 20
2564 19
2565 19
2566 23
2567 22
2568 26
2569 19
2570 21
2571 12
2572 11
2573 17
2574 17
2575 17
2576 20
2577 15
2578 21
2579 21
2580 26
2581 27
2582 15
2583 18
2584 19
2585 19
2586 20
2587 14
2588 23
2589 16
2590 17
2591 23
2592 14
2593 22
2594 16
2595 17
2596 20
2597 15
2598 13
2599 20
2600 23
2601 12
2602 16
2603 25
2604 15
2605 18
2606 24
2607 22
2608 21
2609 16
2610 26
2611 25
2612 21
2613 19
2614 21
2615 16
2616 29
2617 19
2618 17
2619 17
2620 15
2621 9
2622 18
2623 14
2624 24
2625 16
2626 24
2627 19
2628 24
2629 20
2630 22
2631 25
2632 29
2633 24
2634 26
2635 26
2636 23
2637 19
2638 26
2639 17
2640 23
2641 20
2642 21
2643 15
2644 19
2645 24
2646 18
2647 19
2648 26
2649 21
2650 19
2651 28
2652 20
2653 17
2654 22
2655 18
2656 20
2657 22
2658 22
2659 15
2660 17
2661 16
2662 26
2663 16
2664 23
2665 26
2666 20
2667 17
2668 22
2669 25
2670 28
2671 29
2672 22
2673 18
2674 19
2675 17
2676 24
2677 14
2678 17
2679 17
2680 21
2681 16
2682 28
2683 27
2684 22
2685 20
2686 17
2687 19
2688 17
2689 21
2690 20
2691 21
2692 22
2693 19
2694 22
2695 24
2696 15
2697 18
2698 26
2699 18
2700 16
2701 17
2702 30
2703 19
2704 22
2705 17
2706 20
2707 26
2708 23
2709 20
2710 20
2711 24
2712 21
2713 20
2714 15
2715 18
2716 24
2717 20
2718 18
2719 18
2720 17
2721 28
2722 22
2723 23
2724 22
2725 23
2726 14
2727 9
2728 23
2729 20
2730 14
2731 21
2732 25
2733 16
2734 21
2735 20
2736 23
2737 23
2738 20
2739 23
2740 25
2741 20
2742 19
2743 20
2744 20
2745 22
2746 16
2747 19
2748 22
2749 15
2750 22
2751 21
2752 14
2753 19
2754 16
2755 15
2756 16
2757 14
2758 14
2759 23
2760 19
2761 25
2762 24
2763 19
2764 29
2765 23
2766 17
2767 22
2768 23
2769 18
2770 17
2771 20
2772 22
2773 23
2774 17
2775 25
2776 15
2777 20
2778 20
2779 29
2780 15
2781 24
2782 23
2783 12
2784 20
2785 16
2786 18
2787 12
2788 24
2789 17
2790 17
2791 17
2792 19
2793 23
2794 15
2795 23
2796 20
2797 24
2798 19
2799 19
2800 16
2801 9
2802 25
2803 16
2804 23
2805 21
2806 20
2807 17
2808 24
2809 23
2810 20
2811 21
2812 25
2813 21
2814 28
2815 27
2816 27
2817 19
2818 25
2819 17
2820 27
2821 18
2822 17
2823 17
2824 18
2825 22
2826 19
2827 16
2828 26
2829 19
2830 28
2831 17
2832 20
2833 21
2834 22
2835 28
2836 13
2837 22
2838 20
2839 24
2840 18
2841 16
2842 21
2843 19
2844 10
2845 15
2846 13
2847 22
2848 29
2849 32
2850 24
2851 24
2852 22
2853 24
2854 19
2855 22
2856 24
2857 22
2858 23
2859 20
2860 11
2861 23
2862 14
2863 21
2864 20
2865 19
2866 19
2867 16
2868 32
2869 19
2870 21
2871 27
2872 15
2873 19
2874 16
2875 11
2876 27
2877 16
2878 17
2879 23
2880 31
2881 17
2882 13
2883 22
2884 17
2885 24
2886 16
2887 15
2888 21
2889 17
2890 21
2891 21
2892 19
2893 16
2894 15
2895 18
2896 18
2897 24
2898 15
2899 18
2900 14
2901 16
2902 20
2903 14
2904 17
2905 14
2906 21
2907 19
2908 22
2909 18
2910 13
2911 23
2912 28
2913 16
2914 24
2915 21
2916 15
2917 20
2918 23
2919 21
2920 23
2921 19
2922 27
2923 20
2924 18
2925 12
2926 20
2927 29
2928 18
2929 21
2930 22
2931 18
2932 25
2933 19
2934 21
2935 25
2936 22
2937 17
2938 24
2939 22
2940 21
2941 28
2942 19
2943 24
2944 26
2945 20
2946 22
2947 23
2948 27
2949 18
2950 17
2951 19
2952 24
2953 34
2954 22
2955 20
2956 22
2957 29
2958 26
2959 18
2960 12
2961 19
2962 16
2963 19
2964 26
2965 14
2966 17
2967 19
2968 25
2969 23
2970 10
2971 18
2972 21
2973 11
2974 29
2975 18
2976 27
2977 17
2978 20
2979 22
2980 23
2981 22
2982 23
2983 23
2984 24
2985 14
2986 19
2987 22
2988 13
2989 14
2990 24
2991 17
2992 17
2993 24
2994 22
2995 20
2996 23
2997 26
2998 18
2999 21
3000 20
3001 13
3002 24
3003 18
3004 25
3005 13
3006 24
3007 22
3008 16
3009 16
3010 23
3011 11
3012 19
3013 24
3014 15
3015 26
3016 20
3017 21
3018 13
3019 26
3020 14
3021 20
3022 20
3023 23
3024 20
3025 22
3026 34
3027 12
3028 19
3029 19
3030 10
3031 19
3032 22
3033 16
3034 18
3035 23
3036 22
3037 15
3038 19
3039 19
3040 21
3041 14
3042 22
3043 21
3044 16
3045 22
3046 26
3047 21
3048 23
3049 17
3050 14
3051 24
3052 16
3053 21
3054 16
3055 21
3056 14
3057 20
3058 17
3059 21
3060 23
3061 23
3062 22
3063 21
3064 31
3065 25
3066 22
3067 19
3068 17
3069 16
3070 22
3071 19
3072 18
3073 20
3074 18
3075 20
3076 20
3077 27
3078 21
3079 14
3080 20
3081 23
3082 28
3083 23
3084 25
3085 17
3086 18
3087 24
3088 23
3089 20
3090 29
3091 21
3092 20
3093 17
3094 20
3095 18
3096 25
3097 14
3098 15
3099 16
3100 17
3101 22
3102 24
3103 28
3104 23
3105 26
3106 30
3107 22
3108 16
3109 19
3110 25
3111 23
3112 17
3113 21
3114 25
3115 16
3116 16
3117 21
3118 12
3119 25
3120 21
3121 20
3122 24
3123 12
3124 21
3125 18
3126 19
3127 18
3128 22
3129 26
3130 20
3131 25
3132 24
3133 17
3134 20
3135 18
3136 14
3137 17
3138 23
3139 20
3140 21
3141 21
3142 17
3143 17
3144 14
3145 25
3146 18
3147 20
3148 18
3149 19
3150 23
3151 18
3152 16
3153 18
3154 23
3155 17
3156 24
3157 21
3158 22
3159 25
3160 18
3161 25
3162 20
3163 22
3164 16
3165 20
3166 14
3167 10
3168 26
3169 25
3170 16
3171 18
3172 17
3173 16
3174 17
3175 16
3176 23
3177 18
3178 15
3179 18
3180 20
3181 12
3182 17
3183 17
3184 19
3185 26
3186 16
3187 21
3188 14
3189 23
3190 22
3191 15
3192 11
3193 19
3194 17
3195 19
3196 15
3197 21
3198 24
3199 17
3200 16
3201 13
3202 14
3203 23
3204 28
3205 21
3206 27
3207 16
3208 18
3209 18
3210 27
3211 18
3212 14
3213 21
3214 24
3215 19
3216 26
3217 15
3218 24
3219 18
3220 17
3221 18
3222 18
3223 25
3224 18
3225 17
3226 20
3227 21
3228 22
3229 19
3230 25
3231 17
3232 28
3233 25
3234 23
3235 20
3236 19
3237 17
3238 14
3239 24
3240 13
3241 16
3242 18
3243 29
3244 18
3245 28
3246 22
3247 13
3248 24
3249 16
3250 25
3251 17
3252 19
3253 20
3254 18
3255 20
3256 31
3257 18
3258 17
3259 30
3260 26
3261 14
3262 22
3263 12
3264 15
3265 19
3266 16
3267 22
3268 26
3269 14
3270 17
3271 30
3272 20
3273 24
3274 20
3275 27
3276 16
3277 20
3278 20
3279 22
3280 25
3281 30
3282 20
3283 21
3284 20
3285 20
3286 17
3287 13
3288 14
3289 24
3290 18
3291 17
3292 21
3293 16
3294 19
3295 22
3296 24
3297 19
3298 20
3299 22
3300 18
3301 26
3302 25
3303 24
3304 27
3305 15
3306 23
3307 19
3308 18
3309 19
3310 20
3311 27
3312 22
3313 21
3314 24
3315 21
3316 20
3317 20
3318 17
3319 12
3320 20
3321 27
3322 20
3323 20
3324 19
3325 13
3326 16
3327 21
3328 22
3329 24
3330 21
3331 18
3332 24
3333 23
3334 23
3335 23
3336 25
3337 17
3338 23
3339 17
3340 20
3341 14
3342 24
3343 19
3344 21
3345 21
3346 21
3347 22
3348 18
3349 26
3350 19
3351 15
3352 16
3353 21
3354 17
3355 28
3356 20
3357 23
3358 22
3359 20
3360 17
3361 20
3362 18
3363 20
3364 20
3365 27
3366 19
3367 22
3368 19
3369 24
3370 19
3371 18
3372 21
3373 16
3374 26
3375 20
3376 24
3377 15
3378 18
3379 21
3380 19
3381 30
3382 22
3383 17
3384 25
3385 24
3386 20
3387 21
3388 25
3389 20
3390 20
3391 22
3392 18
3393 20
3394 17
3395 24
3396 21
3397 23
3398 23
3399 20
3400 21
3401 27
3402 21
3403 29
3404 18
3405 15
3406 25
3407 16
3408 25
3409 16
3410 26
3411 19
3412 18
3413 22
3414 12
3415 20
3416 17
3417 17
3418 17
3419 25
3420 25
3421 22
3422 16
3423 25
3424 10
3425 25
3426 16
3427 14
3428 13
3429 24
3430 16
3431 21
3432 20
3433 19
3434 36
3435 24
3436 22
3437 16
3438 26
3439 20
3440 16
3441 12
3442 27
3443 22
3444 22
3445 24
3446 31
3447 18
3448 27
3449 19
3450 18
3451 19
3452 21
3453 18
3454 21
3455 15
3456 17
3457 22
3458 30
3459 15
3460 24
3461 18
3462 19
3463 18
3464 26
3465 12
3466 20
3467 21
3468 28
3469 20
3470 16
3471 15
3472 20
3473 24
3474 15
3475 13
3476 18
3477 18
3478 18
3479 17
3480 29
3481 19
3482 29
3483 32
3484 13
3485 23
3486 17
3487 25
3488 18
3489 20
3490 21
3491 19
3492 23
3493 19
3494 20
3495 21
3496 26
3497 20
3498 18
3499 23
3500 21
3501 22
3502 25
3503 15
3504 23
3505 25
3506 13
3507 24
3508 34
3509 24
3510 22
3511 14
3512 20
3513 23
3514 14
3515 21
3516 19
3517 17
3518 29
3519 17
3520 25
3521 20
3522 16
3523 20
3524 19
3525 21
3526 18
3527 26
3528 20
3529 18
3530 16
3531 16
3532 24
3533 24
3534 23
3535 23
3536 18
3537 15
3538 20
3539 22
3540 27
3541 12
3542 22
3543 21
3544 12
3545 15
3546 19
3547 24
3548 25
3549 22
3550 21
3551 25
3552 17
3553 13
3554 30
3555 24
3556 10
3557 27
3558 21
3559 11
3560 20
3561 21
3562 22
3563 27
3564 28
3565 13
3566 18
3567 26
3568 21
3569 12
3570 19
3571 20
3572 13
3573 25
3574 18
3575 16
3576 24
3577 24
3578 14
3579 17
3580 22
3581 22
3582 22
3583 16
3584 19
3585 25
3586 24
3587 22
3588 24
3589 31
3590 16
3591 17
3592 21
3593 21
3594 20
3595 15
3596 16
3597 31
3598 14
3599 21
3600 20
3601 31
3602 20
3603 26
3604 19
3605 18
3606 15
3607 19
3608 18
3609 24
3610 21
3611 23
3612 18
3613 20
3614 17
3615 20
3616 21
3617 22
3618 19
3619 29
3620 22
3621 25
3622 15
3623 26
3624 20
3625 23
3626 17
3627 20
3628 25
3629 17
3630 24
3631 21
3632 13
3633 16
3634 20
3635 18
3636 21
3637 30
3638 23
3639 20
3640 21
3641 23
3642 14
3643 23
3644 12
3645 18
3646 25
3647 23
3648 15
3649 18
3650 18
3651 15
3652 17
3653 28
3654 19
3655 21
3656 19
3657 11
3658 9
3659 20
3660 18
3661 18
3662 23
3663 21
3664 29
3665 22
3666 19
3667 25
3668 22
3669 21
3670 18
3671 14
3672 22
3673 17
3674 25
3675 16
3676 22
3677 18
3678 22
3679 18
3680 16
3681 15
3682 23
3683 24
3684 25
3685 18
3686 20
3687 24
3688 21
3689 18
3690 24
3691 20
3692 20
3693 21
3694 16
3695 17
3696 21
3697 22
3698 17
3699 25
3700 17
3701 15
3702 24
3703 23
3704 20
3705 19
3706 17
3707 19
3708 23
3709 20
3710 17
3711 16
3712 19
3713 24
3714 23
3715 27
3716 24
3717 22
3718 15
3719 15
3720 24
3721 20
3722 26
3723 9
3724 12
3725 23
3726 24
3727 22
3728 16
3729 9
3730 20
3731 19
3732 14
3733 23
3734 26
3735 22
3736 13
3737 18
3738 18
3739 19
3740 19
3741 18
3742 18
3743 20
3744 18
3745 19
3746 19
3747 22
3748 25
3749 23
3750 21
3751 26
3752 27
3753 32
3754 16
3755 18
3756 22
3757 17
3758 20
3759 18
3760 15
3761 22
3762 10
3763 21
3764 18
3765 24
3766 26
3767 16
3768 20
3769 17
3770 27
3771 25
3772 16
3773 19
3774 26
3775 21
3776 20
3777 19
3778 20
3779 22
3780 25
3781 20
3782 21
3783 9
3784 18
3785 17
3786 18
3787 20
3788 24
3789 15
3790 23
3791 20
3792 17
3793 14
3794 22
3795 20
3796 22
3797 15
3798 15
3799 24
3800 20
3801 13
3802 17
3803 16
3804 20
3805 20
3806 22
3807 23
3808 25
3809 10
3810 22
3811 19
3812 16
3813 22
3814 17
3815 22
3816 18
3817 21
3818 21
3819 23
3820 18
3821 16
3822 17
3823 21
3824 16
3825 22
3826 25
3827 19
3828 20
3829 16
3830 16
3831 16
3832 18
3833 8
3834 23
3835 22
3836 16
3837 16
3838 17
3839 12
3840 18
3841 9
3842 23
3843 28
3844 24
3845 23
3846 13
3847 12
3848 22
3849 26
3850 20
3851 12
3852 20
3853 20
3854 13
3855 22
3856 15
3857 17
3858 9
3859 27
3860 14
3861 20
3862 20
3863 18
3864 21
3865 21
3866 20
3867 21
3868 17
3869 22
3870 23
3871 20
3872 22
3873 13
3874 25
3875 23
3876 18
3877 16
3878 19
3879 24
3880 16
3881 8
3882 13
3883 18
3884 18
3885 18
3886 15
3887 14
3888 11
3889 17
3890 16
3891 20
3892 14
3893 17
3894 21
3895 17
3896 29
3897 17
3898 22
3899 21
3900 17
3901 18
3902 15
3903 20
3904 28
3905 22
3906 16
3907 20
3908 11
3909 24
3910 16
3911 17
3912 19
3913 15
3914 13
3915 19
3916 21
3917 20
3918 15
3919 20
3920 15
3921 18
3922 18
3923 12
3924 11
3925 16
3926 21
3927 13
3928 18
3929 22
3930 16
3931 17
3932 30
3933 29
3934 22
3935 24
3936 20
3937 19
3938 24
3939 24
3940 29
3941 18
3942 9
3943 23
3944 12
3945 21
3946 16
3947 26
3948 15
3949 22
3950 15
3951 13
3952 22
3953 18
3954 18
3955 19
3956 19
3957 16
3958 22
3959 23
3960 25
3961 14
3962 19
3963 11
3964 17
3965 27
3966 20
3967 17
3968 16
3969 11
3970 22
3971 19
3972 16
3973 23
3974 19
3975 16
3976 25
3977 18
3978 23
3979 14
3980 17
3981 12
3982 18
3983 18
3984 28
3985 17
3986 15
3987 24
3988 17
3989 16
3990 11
3991 18
3992 21
3993 25
3994 18
3995 9
3996 17
3997 16
3998 28
3999 16
4000 29
4001 22
4002 20
4003 29
4004 18
4005 29
4006 29
4007 17
4008 20
4009 11
4010 23
4011 17
4012 19
4013 19
4014 25
4015 19
4016 27
4017 17
4018 21
4019 20
4020 22
4021 14
4022 11
4023 22
4024 19
4025 17
4026 17
4027 18
4028 19
4029 21
4030 21
4031 21
4032 15
4033 15
4034 26
4035 25
4036 29
4037 20
4038 10
4039 16
4040 19
4041 24
4042 17
4043 19
4044 20
4045 24
4046 15
4047 17
4048 24
4049 22
4050 16
4051 26
4052 23
4053 12
4054 25
4055 13
4056 17
4057 20
4058 22
4059 24
4060 26
4061 15
4062 11
4063 16
4064 24
4065 17
4066 18
4067 24
4068 24
4069 13
4070 29
4071 14
4072 17
4073 16
4074 18
4075 22
4076 15
4077 22
4078 23
4079 16
4080 17
4081 20
4082 17
4083 21
4084 26
4085 23
4086 18
4087 27
4088 11
4089 16
4090 20
4091 21
4092 24
4093 21
4094 19
4095 16
4096 11
4097 20
4098 17
4099 25
4100 11
4101 19
4102 20
4103 17
4104 12
4105 23
4106 22
4107 21
4108 25
4109 19
4110 18
4111 18
4112 19
4113 21
4114 15
4115 19
4116 15
4117 14
4118 24
4119 17
4120 22
4121 28
4122 25
4123 16
4124 20
4125 23
4126 27
4127 21
4128 24
4129 23
4130 15
4131 21
4132 26
4133 14
4134 18
4135 19
4136 19
4137 18
4138 22
4139 16
4140 24
4141 18
4142 18
4143 20
4144 17
4145 25
4146 25
4147 27
4148 20
4149 16
4150 18
4151 17
4152 24
4153 29
4154 13
4155 27
4156 23
4157 11
4158 23
4159 15
4160 14
4161 18
4162 22
4163 10
4164 23
4165 20
4166 17
4167 22
4168 24
4169 16
4170 13
4171 21
4172 24
4173 18
4174 18
4175 27
4176 17
4177 23
4178 21
4179 19
4180 11
4181 24
4182 20
4183 23
4184 15
4185 29
4186 14
4187 30
4188 23
4189 12
4190 24
4191 25
4192 21
4193 18
4194 17
4195 14
4196 22
4197 20
4198 22
4199 22
4200 13
4201 26
4202 18
4203 14
4204 29
4205 23
4206 21
4207 15
4208 17
4209 10
4210 15
4211 19
4212 27
4213 20
4214 24
4215 19
4216 14
4217 18
4218 19
4219 21
4220 29
4221 17
4222 19
4223 18
4224 16
4225 10
4226 21
4227 12
4228 16
4229 15
4230 21
4231 21
4232 18
4233 18
4234 18
4235 16
4236 16
4237 26
4238 16
4239 20
4240 22
4241 9
4242 22
4243 17
4244 21
4245 20
4246 16
4247 20
4248 16
4249 17
4250 11
4251 25
4252 14
4253 19
4254 18
4255 20
4256 22
4257 21
4258 23
4259 19
4260 27
4261 20
4262 16
4263 25
4264 21
4265 29
4266 21
4267 24
4268 16
4269 23
4270 19
4271 19
4272 29
4273 23
4274 24
4275 18
4276 14
4277 20
4278 25
4279 18
4280 25
4281 17
4282 20
4283 30
4284 23
4285 19
4286 17
4287 21
4288 18
4289 16
4290 22
4291 13
4292 24
4293 16
4294 19
4295 19
4296 25
4297 21
4298 16
4299 21
4300 22
4301 14
4302 25
4303 27
4304 22
4305 20
4306 23
4307 19
4308 24
4309 22
4310 13
4311 20
4312 21
4313 13
4314 20
4315 20
4316 19
4317 23
4318 25
4319 14
4320 27
4321 15
4322 18
4323 21
4324 18
4325 13
4326 23
4327 18
4328 22
4329 12
4330 19
4331 21
4332 23
4333 23
4334 18
4335 22
4336 26
4337 25
4338 17
4339 20
4340 22
4341 22
4342 20
4343 21
4344 9
4345 21
4346 25
4347 27
4348 22
4349 23
4350 16
4351 22
4352 20
4353 16
4354 13
4355 19
4356 15
4357 19
4358 27
4359 21
4360 14
4361 23
4362 24
4363 15
4364 17
4365 21
4366 18
4367 23
4368 20
4369 15
4370 29
4371 25
4372 20
4373 20
4374 18
4375 20
4376 18
4377 24
4378 18
4379 18
4380 24
4381 30
4382 21
4383 26
4384 12
4385 16
4386 14
4387 27
4388 20
4389 19
4390 18
4391 29
4392 24
4393 20
4394 29
4395 13
4396 9
4397 16
4398 24
4399 25
4400 22
4401 14
4402 19
4403 24
4404 25
4405 11
4406 13
4407 19
4408 14
4409 28
4410 23
4411 21
4412 15
4413 20
4414 23
4415 15
4416 16
4417 21
4418 18
4419 22
4420 14
4421 33
4422 19
4423 21
4424 19
4425 22
4426 10
4427 18
4428 16
4429 10
4430 20
4431 13
4432 19
4433 22
4434 24
4435 22
4436 15
4437 18
4438 19
4439 17
4440 25
4441 22
4442 17
4443 23
4444 19
4445 29
4446 14
4447 21
4448 25
4449 15
4450 22
4451 26
4452 20
4453 14
4454 19
4455 16
4456 19
4457 20
4458 15
4459 26
4460 26
4461 27
4462 17
4463 19
4464 27
4465 14
4466 17
4467 16
4468 19
4469 18
4470 33
4471 27
4472 20
4473 25
4474 27
4475 13
4476 15
4477 20
4478 16
4479 27
4480 16
4481 20
4482 22
4483 12
4484 16
4485 24
4486 20
4487 21
4488 18
4489 22
4490 22
4491 22
4492 21
4493 28
4494 22
4495 15
4496 14
4497 19
4498 21
4499 24
4500 20
4501 20
4502 23
4503 24
4504 19
4505 26
4506 11
4507 18
4508 19
4509 20
4510 24
4511 7
4512 24
4513 24
4514 22
4515 17
4516 22
4517 18
4518 19
4519 15
4520 10
4521 14
4522 15
4523 24
4524 23
4525 14
4526 18
4527 22
4528 27
4529 22
4530 16
4531 16
4532 17
4533 21
4534 21
4535 15
4536 17
4537 25
4538 25
4539 14
4540 15
4541 14
4542 20
4543 18
4544 15
4545 23
4546 31
4547 15
4548 16
4549 24
4550 21
4551 20
4552 19
4553 25
4554 24
4555 19
4556 18
4557 20
4558 20
4559 27
4560 22
4561 17
4562 20
4563 19
4564 16
4565 13
4566 16
4567 22
4568 20
4569 16
4570 17
4571 19
4572 23
4573 15
4574 23
4575 19
4576 19
4577 26
4578 26
4579 23
4580 28
4581 16
4582 16
4583 16
4584 26
4585 15
4586 15
4587 25
4588 15
4589 24
4590 19
4591 19
4592 23
4593 20
4594 24
4595 21
4596 18
4597 15
4598 18
4599 22
4600 21
4601 16
4602 22
4603 26
4604 16
4605 18
4606 23
4607 14
4608 14
4609 15
4610 15
4611 25
4612 22
4613 20
4614 11
4615 14
4616 21
4617 24
4618 19
4619 26
4620 27
4621 21
4622 14
4623 23
4624 14
4625 25
4626 27
4627 19
4628 20
4629 25
4630 29
4631 22
4632 16
4633 15
4634 19
4635 23
4636 15
4637 19
4638 18
4639 12
4640 15
4641 18
4642 24
4643 23
4644 18
4645 18
4646 20
4647 19
4648 19
4649 27
4650 20
4651 20
4652 24
4653 27
4654 26
4655 19
4656 19
4657 22
4658 17
4659 23
4660 18
4661 16
4662 20
4663 22
4664 20
4665 20
4666 16
4667 24
4668 23
4669 16
4670 16
4671 22
4672 20
4673 18
4674 6
4675 15
4676 22
4677 20
4678 23
4679 23
4680 26
4681 19
4682 15
4683 14
4684 20
4685 18
4686 19
4687 19
4688 9
4689 19
4690 26
4691 24
4692 20
4693 20
4694 21
4695 19
4696 18
4697 13
4698 20
4699 22
4700 17
4701 13
4702 14
4703 26
4704 21
4705 15
4706 15
4707 18
4708 23
4709 24
4710 17
4711 20
4712 20
4713 22
4714 23
4715 20
4716 20
4717 23
4718 29
4719 17
4720 18
4721 18
4722 19
4723 18
4724 27
4725 25
4726 24
4727 19
4728 13
4729 17
4730 27
4731 25
4732 25
4733 29
4734 22
4735 12
4736 22
4737 19
4738 20
4739 20
4740 18
4741 17
4742 25
4743 18
4744 22
4745 20
4746 21
4747 17
4748 21
4749 24
4750 16
4751 20
4752 23
4753 18
4754 17
4755 24
4756 17
4757 13
4758 21
4759 14
4760 12
4761 22
4762 20
4763 20
4764 12
4765 16
4766 14
4767 28
4768 22
4769 20
4770 21
4771 25
4772 21
4773 27
4774 27
4775 20
4776 23
4777 17
4778 18
4779 26
4780 24
4781 27
4782 28
4783 26
4784 20
4785 13
4786 25
4787 24
4788 26
4789 21
4790 17
4791 21
4792 24
4793 26
4794 19
4795 23
4796 14
4797 17
4798 21
4799 19
4800 14
4801 12
4802 19
4803 24
4804 15
4805 16
4806 26
4807 30
4808 16
4809 20
4810 15
4811 25
4812 16
4813 15
4814 23
4815 20
4816 19
4817 17
4818 14
4819 17
4820 13
4821 19
4822 21
4823 21
4824 23
4825 16
4826 33
4827 24
4828 18
4829 15
4830 19
4831 11
4832 23
4833 27
4834 17
4835 22
4836 15
4837 17
4838 14
4839 19
4840 15
4841 26
4842 24
4843 23
4844 22
4845 20
4846 21
4847 22
4848 21
4849 19
4850 14
4851 25
4852 22
4853 24
4854 17
4855 16
4856 21
4857 24
4858 21
4859 23
4860 23
4861 20
4862 17
4863 17
4864 23
4865 22
4866 26
4867 17
4868 18
4869 18
4870 15
4871 14
4872 23
4873 20
4874 22
4875 21
4876 19
4877 15
4878 20
4879 20
4880 24
4881 17
4882 30
4883 14
4884 24
4885 19
4886 23
4887 25
4888 23
4889 14
4890 14
4891 21
4892 22
4893 18
4894 27
4895 10
4896 19
4897 20
4898 17
4899 13
4900 17
4901 25
4902 19
4903 20
4904 14
4905 21
4906 19
4907 30
4908 18
4909 19
4910 23
4911 21
4912 21
4913 28
4914 19
4915 20
4916 25
4917 16
4918 19
4919 17
4920 20
4921 19
4922 26
4923 26
4924 20
4925 19
4926 25
4927 14
4928 26
4929 22
4930 15
4931 27
4932 23
4933 20
4934 19
4935 21
4936 12
4937 22
4938 17
4939 25
4940 17
4941 15
4942 21
4943 15
4944 27
4945 20
4946 21
4947 10
4948 21
4949 18
4950 17
4951 22
4952 19
4953 26
4954 15
4955 21
4956 21
4957 11
4958 26
4959 17
4960 19
4961 20
4962 17
4963 19
4964 16
4965 23
4966 22
4967 20
4968 19
4969 21
4970 24
4971 21
4972 23
4973 26
4974 22
4975 23
4976 18
4977 18
4978 24
4979 14
4980 17
4981 22
4982 21
4983 31
4984 22
4985 16
4986 17
4987 22
4988 19
4989 27
4990 12
4991 18
4992 15
4993 23
4994 19
4995 23
4996 18
4997 21
4998 26
4999 20
