0 2
1 1
2 4
3 4
4 4
5 1
6 5
7 10
8 8
9 7
10 12
11 5
12 8
13 6
14 7
15 7
16 2
17 9
18 6
19 5
20 7
21 6
22 8
23 5
24 4
25 7
26 3
27 2
28 4
29 4
30 10
31 6
32 5
33 6
34 5
35 3
36 5
37 8
38 4
39 3
40 7
41 3
42 2
43 9
44 3
45 4
46 3
47 7
48 3
49 3
50 3
51 6
52 5
53 6
54 1
55 3
56 4
57 4
58 5
59 5
60 11
61 7
62 6
63 3
64 6
65 6
66 6
67 9
68 2
69 2
70 6
71 3
72 9
73 5
74 7
75 5
76 8
77 4
78 3
79 4
80 2
81 5
82 3
83 5
84 8
85 2
86 7
87 3
88 6
89 6
90 4
91 4
92 7
93 5
94 6
95 5
96 4
97 4
98 5
99 5
100 3
101 5
102 6
103 4
104 3
105 10
106 5
107 6
108 5
109 7
110 6
111 5
112 6
113 6
114 4
115 1
116 3
117 3
118 4
119 0
120 8
121 6
122 5
123 5
124 3
125 2
126 5
127 3
128 8
129 5
130 8
131 6
132 7
133 7
134 7
135 8
136 6
137 5
138 3
139 3
140 4
141 12
142 5
143 6
144 3
145 5
146 3
147 4
148 5
149 3
150 9
151 4
152 8
153 3
154 2
155 4
156 9
157 7
158 6
159 7
160 3
161 7
162 6
163 7
164 2
165 7
166 4
167 3
168 5
169 4
170 6
171 5
172 6
173 6
174 5
175 5
176 3
177 3
178 9
179 5
180 8
181 3
182 2
183 5
184 2
185 6
186 2
187 6
188 5
189 6
190 7
191 3
192 3
193 10
194 4
195 2
196 6
197 4
198 5
199 1
200 6
201 5
202 4
203 7
204 7
205 6
206 8
207 11
208 2
209 3
210 9
211 4
212 5
213 6
214 1
215 8
216 8
217 4
218 2
219 9
220 2
221 5
222 6
223 5
224 5
225 3
226 6
227 7
228 6
229 3
230 3
231 3
232 7
233 3
234 3
235 6
236 0
237 2
238 8
239 5
240 4
241 5
242 6
243 6
244 5
245 5
246 5
247 7
248 2
249 4
250 4
251 4
252 5
253 7
254 6
255 8
256 7
257 3
258 4
259 7
260 5
261 6
262 7
263 4
264 7
265 8
266 5
267 3
268 4
269 3
270 7
271 4
272 9
273 9
274 3
275 4
276 12
277 2
278 8
279 6
280 4
281 5
282 5
283 5
284 9
285 5
286 3
287 3
288 4
289 8
290 6
291 7
292 1
293 6
294 5
295 7
296 1
297 4
298 2
299 3
300 4
301 4
302 11
303 5
304 8
305 4
306 9
307 6
308 5
309 7
310 2
311 4
312 5
313 0
314 4
315 3
316 4
317 4
318 1
319 3
320 4
321 6
322 3
323 3
324 2
325 6
326 2
327 7
328 4
329 5
330 4
331 4
332 6
333 5
334 4
335 8
336 5
337 10
338 1
339 4
340 6
341 3
342 3
343 4
344 7
345 4
346 5
347 3
348 5
349 5
350 5
351 6
352 5
353 5
354 7
355 3
356 5
357 2
358 2
359 5
360 3
361 2
362 1
363 4
364 5
365 7
366 3
367 3
368 3
369 2
370 8
371 5
372 8
373 4
374 4
375 5
376 6
377 7
378 5
379 5
380 1
381 7
382 6
383 2
384 3
385 4
386 2
387 8
388 6
389 7
390 5
391 5
392 3
393 1
394 3
395 5
396 9
397 9
398 6
399 3
400 14
401 5
402 6
403 6
404 3
405 1
406 5
407 4
408 2
409 6
410 5
411 2
412 7
413 8
414 4
415 12
416 6
417 6
418 4
419 4
420 6
421 6
422 5
423 4
424 5
425 7
426 7
427 8
428 8
429 7
430 7
431 7
432 0
433 2
434 3
435 4
436 3
437 4
438 3
439 6
440 3
441 6
442 7
443 4
444 6
445 7
446 7
447 4
448 3
449 1
450 8
451 5
452 8
453 5
454 2
455 4
456 6
457 7
458 1
459 11
460 4
461 5
462 4
463 3
464 6
465 4
466 1
467 6
468 4
469 6
470 3
471 4
472 3
473 4
474 3
475 4
476 0
477 2
478 4
479 6
480 7
481 4
482 7
483 6
484 12
485 2
486 7
487 6
488 6
489 4
490 5
491 4
492 5
493 1
494 2
495 5
496 6
497 7
498 3
499 2
500 5
501 6
502 5
503 7
504 8
505 6
506 4
507 4
508 1
509 8
510 8
511 9
512 6
513 5
514 4
515 6
516 1
517 8
518 8
519 4
520 6
521 7
522 4
523 5
524 9
525 2
526 2
527 5
528 2
529 3
530 1
531 7
532 8
533 5
534 1
535 6
536 7
537 7
538 2
539 3
540 7
541 6
542 4
543 5
544 6
545 4
546 6
547 3
548 5
549 5
550 7
551 3
552 5
553 5
554 5
555 3
556 5
557 3
558 3
559 4
560 3
561 4
562 6
563 4
564 5
565 3
566 7
567 8
568 6
569 3
570 1
571 5
572 4
573 4
574 7
575 4
576 2
577 7
578 4
579 2
580 6
581 5
582 4
583 6
584 5
585 5
586 3
587 4
588 6
589 4
590 12
591 3
592 2
593 5
594 4
595 9
596 9
597 4
598 6
599 10
600 5
601 5
602 10
603 5
604 3
605 5
606 4
607 6
608 6
609 4
610 4
611 5
612 9
613 4
614 2
615 8
616 9
617 5
618 5
619 5
620 6
621 7
622 0
623 6
624 5
625 3
626 5
627 6
628 3
629 4
630 4
631 2
632 5
633 1
634 3
635 4
636 2
637 5
638 7
639 8
640 6
641 7
642 8
643 3
644 3
645 7
646 3
647 10
648 3
649 2
650 4
651 8
652 8
653 4
654 3
655 4
656 10
657 4
658 1
659 7
660 4
661 2
662 5
663 5
664 3
665 4
666 7
667 11
668 3
669 8
670 5
671 5
672 9
673 4
674 6
675 8
676 5
677 8
678 1
679 7
680 7
681 7
682 1
683 8
684 7
685 4
686 1
687 9
688 7
689 3
690 4
691 5
692 8
693 11
694 4
695 7
696 7
697 4
698 3
699 3
700 4
701 2
702 6
703 11
704 2
705 8
706 4
707 7
708 2
709 2
710 7
711 3
712 4
713 5
714 4
715 5
716 5
717 4
718 6
719 2
720 7
721 11
722 4
723 2
724 6
725 6
726 2
727 3
728 9
729 4
730 3
731 6
732 7
733 8
734 4
735 3
736 2
737 3
738 3
739 11
740 2
741 1
742 2
743 2
744 9
745 3
746 2
747 4
748 4
749 3
750 9
751 9
752 7
753 3
754 0
755 0
756 3
757 5
758 4
759 6
760 6
761 5
762 4
763 4
764 7
765 4
766 4
767 2
768 6
769 6
770 7
771 4
772 1
773 7
774 4
775 3
776 6
777 2
778 5
779 4
780 11
781 2
782 4
783 3
784 3
785 5
786 0
787 5
788 4
789 4
790 7
791 4
792 5
793 4
794 6
795 3
796 10
797 8
798 7
799 4
800 3
801 3
802 9
803 3
804 3
805 6
806 5
807 7
808 8
809 3
810 9
811 2
812 2
813 8
814 2
815 6
816 2
817 7
818 7
819 9
820 8
821 6
822 6
823 4
824 7
825 2
826 3
827 2
828 6
829 1
830 3
831 4
832 8
833 6
834 4
835 3
836 7
837 4
838 5
839 5
840 7
841 5
842 11
843 5
844 5
845 4
846 9
847 4
848 4
849 6
850 3
851 4
852 3
853 2
854 8
855 6
856 5
857 12
858 10
859 3
860 1
861 7
862 4
863 7
864 7
865 3
866 5
867 1
868 2
869 6
870 4
871 5
872 2
873 9
874 11
875 6
876 8
877 8
878 6
879 4
880 7
881 4
882 5
883 2
884 5
885 6
886 4
887 3
888 6
889 1
890 5
891 3
892 1
893 6
894 8
895 6
896 11
897 4
898 6
899 9
900 6
901 5
902 8
903 5
904 5
905 3
906 2
907 2
908 8
909 6
910 4
911 2
912 6
913 6
914 5
915 5
916 6
917 3
918 0
919 10
920 6
921 6
922 3
923 8
924 8
925 5
926 2
927 5
928 3
929 7
930 2
931 12
932 0
933 7
934 6
935 4
936 3
937 5
938 7
939 6
940 3
941 6
942 2
943 5
944 3
945 6
946 2
947 3
948 0
949 5
950 3
951 6
952 7
953 7
954 8
955 3
956 4
957 5
958 5
959 2
960 3
961 4
962 3
963 2
964 3
965 1
966 5
967 5
968 6
969 5
970 6
971 7
972 7
973 5
974 6
975 6
976 7
977 1
978 10
979 7
980 5
981 1
982 1
983 3
984 5
985 10
986 6
987 6
988 2
989 8
990 3
991 6
992 6
993 0
994 3
995 1
996 4
997 7
998 6
999 2
1000 2
1001 8
1002 7
1003 5
1004 5
1005 5
1006 2
1007 9
1008 2
1009 3
1010 4
1011 7
1012 3
1013 5
1014 3
1015 4
1016 6
1017 5
1018 6
1019 5
1020 5
1021 6
1022 5
1023 2
1024 4
1025 5
1026 7
1027 6
1028 3
1029 7
1030 4
1031 9
1032 6
1033 6
1034 5
1035 10
1036 5
1037 7
1038 4
1039 0
1040 8
1041 4
1042 5
1043 2
1044 5
1045 3
1046 4
1047 6
1048 7
1049 4
1050 6
1051 6
1052 4
1053 3
1054 5
1055 8
1056 1
1057 2
1058 5
1059 6
1060 7
1061 4
1062 5
1063 2
1064 7
1065 4
1066 7
1067 6
1068 5
1069 3
1070 7
1071 5
1072 6
1073 3
1074 4
1075 9
1076 4
1077 5
1078 2
1079 5
1080 2
1081 4
1082 2
1083 2
1084 8
1085 4
1086 7
1087 7
1088 4
1089 3
1090 4
1091 0
1092 5
1093 7
1094 8
1095 2
1096 5
1097 2
1098 5
1099 5
1100 6
1101 4
1102 6
1103 4
1104 6
1105 5
1106 6
1107 4
1108 6
1109 6
1110 4
1111 3
1112 3
1113 5
1114 9
1115 4
1116 6
1117 7
1118 5
1119 5
1120 3
1121 6
1122 5
1123 5
1124 5
1125 2
1126 5
1127 5
1128 6
1129 4
1130 9
1131 6
1132 4
1133 4
1134 7
1135 7
1136 6
1137 1
1138 6
1139 3
1140 7
1141 4
1142 4
1143 4
1144 5
1145 8
1146 6
1147 8
1148 6
1149 3
1150 7
1151 8
1152 3
1153 5
1154 2
1155 5
1156 6
1157 5
1158 4
1159 10
1160 2
1161 2
1162 2
1163 1
1164 6
1165 9
1166 5
1167 5
1168 5
1169 6
1170 4
1171 1
1172 5
1173 9
1174 4
1175 5
1176 7
1177 6
1178 5
1179 5
1180 11
1181 6
1182 4
1183 3
1184 11
1185 5
1186 9
1187 3
1188 6
1189 6
1190 9
1191 3
1192 6
1193 8
1194 7
1195 8
1196 4
1197 10
1198 4
1199 6
1200 3
1201 5
1202 5
1203 2
1204 6
1205 5
1206 6
1207 5
1208 6
1209 4
1210 3
1211 3
1212 5
1213 8
1214 4
1215 5
1216 6
1217 2
1218 5
1219 5
1220 4
1221 5
1222 9
1223 4
1224 5
1225 1
1226 6
1227 2
1228 2
1229 8
1230 2
1231 2
1232 7
1233 7
1234 9
1235 7
1236 5
1237 3
1238 7
1239 7
1240 7
1241 2
1242 6
1243 6
1244 5
1245 4
1246 4
1247 3
1248 3
1249 2
1250 13
1251 5
1252 3
1253 5
1254 0
1255 7
1256 8
1257 3
1258 6
1259 3
1260 9
1261 2
1262 5
1263 8
1264 0
1265 5
1266 9
1267 2
1268 2
1269 6
1270 7
1271 4
1272 4
1273 4
1274 3
1275 6
1276 4
1277 2
1278 7
1279 4
1280 5
1281 3
1282 2
1283 6
1284 6
1285 15
1286 2
1287 2
1288 4
1289 4
1290 6
1291 3
1292 8
1293 5
1294 5
1295 9
1296 7
1297 5
1298 7
1299 5
1300 4
1301 5
1302 2
1303 3
1304 7
1305 3
1306 5
1307 4
1308 8
1309 5
1310 5
1311 5
1312 7
1313 2
1314 4
1315 4
1316 3
1317 5
1318 9
1319 5
1320 6
1321 7
1322 4
1323 7
1324 6
1325 2
1326 5
1327 7
1328 2
1329 6
1330 4
1331 3
1332 7
1333 4
1334 6
1335 8
1336 9
1337 4
1338 1
1339 2
1340 6
1341 3
1342 10
1343 7
1344 3
1345 5
1346 3
1347 4
1348 4
1349 7
1350 6
1351 1
1352 3
1353 2
1354 4
1355 7
1356 4
1357 4
1358 6
1359 5
1360 7
1361 9
1362 3
1363 3
1364 3
1365 9
1366 3
1367 3
1368 4
1369 4
1370 5
1371 5
1372 8
1373 7
1374 8
1375 3
1376 5
1377 6
1378 2
1379 4
1380 7
1381 1
1382 5
1383 9
1384 5
1385 5
1386 0
1387 4
1388 7
1389 5
1390 1
1391 10
1392 4
1393 4
1394 5
1395 7
1396 5
1397 5
1398 4
1399 2
1400 7
1401 5
1402 4
1403 2
1404 4
1405 4
1406 4
1407 8
1408 7
1409 3
1410 3
1411 5
1412 5
1413 8
1414 3
1415 2
1416 3
1417 8
1418 4
1419 4
1420 4
1421 4
1422 8
1423 5
1424 6
1425 8
1426 4
1427 2
1428 4
1429 2
1430 7
1431 8
1432 2
1433 1
1434 3
1435 8
1436 5
1437 4
1438 7
1439 5
1440 9
1441 3
1442 8
1443 5
1444 4
1445 4
1446 1
1447 2
1448 9
1449 3
1450 8
1451 4
1452 8
1453 5
1454 2
1455 3
1456 5
1457 5
1458 0
1459 4
1460 6
1461 2
1462 8
1463 3
1464 2
1465 3
1466 2
1467 8
1468 5
1469 3
1470 7
1471 4
1472 2
1473 6
1474 3
1475 3
1476 2
1477 6
1478 6
1479 10
1480 5
1481 11
1482 6
1483 7
1484 4
1485 4
1486 6
1487 5
1488 7
1489 5
1490 4
1491 3
1492 8
1493 10
1494 6
1495 2
1496 7
1497 8
1498 7
1499 9
1500 2
1501 2
1502 4
1503 4
1504 6
1505 4
1506 4
1507 3
1508 4
1509 6
1510 5
1511 6
1512 8
1513 7
1514 6
1515 3
1516 4
1517 6
1518 5
1519 5
1520 6
1521 6
1522 4
1523 4
1524 4
1525 10
1526 4
1527 2
1528 5
1529 5
1530 1
1531 7
1532 3
1533 3
1534 3
1535 6
1536 6
1537 6
1538 4
1539 5
1540 4
1541 1
1542 8
1543 3
1544 4
1545 5
1546 5
1547 7
1548 7
1549 4
1550 4
1551 4
1552 7
1553 3
1554 5
1555 6
1556 5
1557 3
1558 5
1559 5
1560 3
1561 6
1562 6
1563 9
1564 3
1565 3
1566 8
1567 5
1568 7
1569 4
1570 2
1571 7
1572 4
1573 2
1574 4
1575 6
1576 3
1577 5
1578 4
1579 6
1580 3
1581 4
1582 5
1583 5
1584 10
1585 7
1586 4
1587 4
1588 6
1589 4
1590 5
1591 3
1592 9
1593 4
1594 4
1595 3
1596 4
1597 4
1598 2
1599 5
1600 8
1601 3
1602 6
1603 9
1604 2
1605 2
1606 6
1607 2
1608 4
1609 2
1610 5
1611 6
1612 6
1613 7
1614 7
1615 11
1616 5
1617 6
1618 5
1619 6
1620 3
1621 6
1622 5
1623 3
1624 7
1625 2
1626 3
1627 6
1628 4
1629 5
1630 7
1631 7
1632 4
1633 2
1634 9
1635 8
1636 4
1637 5
1638 6
1639 3
1640 2
1641 4
1642 6
1643 3
1644 6
1645 8
1646 6
1647 3
1648 4
1649 4
1650 4
1651 3
1652 5
1653 5
1654 11
1655 6
1656 4
1657 5
1658 4
1659 2
1660 3
1661 5
1662 5
1663 3
1664 4
1665 6
1666 4
1667 3
1668 5
1669 2
1670 7
1671 5
1672 5
1673 6
1674 3
1675 6
1676 6
1677 2
1678 2
1679 7
1680 3
1681 7
1682 7
1683 6
1684 6
1685 6
1686 9
1687 8
1688 4
1689 4
1690 6
1691 5
1692 11
1693 2
1694 4
1695 7
1696 6
1697 6
1698 8
1699 4
1700 5
1701 3
1702 2
1703 9
1704 2
1705 7
1706 5
1707 6
1708 8
1709 3
1710 6
1711 3
1712 3
1713 7
1714 5
1715 7
1716 8
1717 4
1718 4
1719 9
1720 5
1721 1
1722 5
1723 5
1724 4
1725 4
1726 6
1727 4
1728 6
1729 4
1730 3
1731 2
1732 1
1733 9
1734 7
1735 5
1736 2
1737 9
1738 1
1739 6
1740 5
1741 5
1742 8
1743 4
1744 10
1745 7
1746 5
1747 4
1748 3
1749 8
1750 9
1751 5
1752 3
1753 6
1754 3
1755 3
1756 4
1757 7
1758 4
1759 2
1760 3
1761 6
1762 4
1763 6
1764 6
1765 6
1766 4
1767 8
1768 9
1769 5
1770 6
1771 5
1772 5
1773 5
1774 3
1775 1
1776 2
1777 5
1778 6
1779 9
1780 1
1781 4
1782 3
1783 4
1784 5
1785 4
1786 4
1787 2
1788 5
1789 12
1790 12
1791 9
1792 6
1793 3
1794 7
1795 10
1796 4
1797 5
1798 7
1799 2
1800 3
1801 1
1802 3
1803 5
1804 11
1805 9
1806 7
1807 4
1808 3
1809 3
1810 3
1811 4
1812 6
1813 5
1814 1
1815 3
1816 4
1817 8
1818 3
1819 8
1820 9
1821 8
1822 5
1823 6
1824 9
1825 4
1826 5
1827 5
1828 7
1829 1
1830 5
1831 8
1832 8
1833 3
1834 6
1835 3
1836 2
1837 5
1838 3
1839 3
1840 5
1841 2
1842 3
1843 3
1844 5
1845 5
1846 7
1847 4
1848 6
1849 2
1850 6
1851 5
1852 9
1853 1
1854 2
1855 5
1856 4
1857 7
1858 4
1859 10
1860 9
1861 1
1862 3
1863 6
1864 8
1865 7
1866 6
1867 4
1868 5
1869 5
1870 4
1871 10
1872 5
1873 6
1874 5
1875 4
1876 6
1877 5
1878 5
1879 4
1880 2
1881 2
1882 5
1883 3
1884 3
1885 6
1886 7
1887 0
1888 7
1889 5
1890 2
1891 5
1892 5
1893 5
1894 7
1895 7
1896 7
1897 1
1898 5
1899 4
1900 11
1901 4
1902 4
1903 4
1904 4
1905 5
1906 4
1907 9
1908 7
1909 4
1910 3
1911 4
1912 6
1913 4
1914 3
1915 7
1916 5
1917 7
1918 4
1919 3
1920 1
1921 3
1922 1
1923 9
1924 2
1925 5
1926 4
1927 8
1928 2
1929 5
1930 4
1931 9
1932 3
1933 8
1934 6
1935 6
1936 3
1937 5
1938 5
1939 7
1940 6
1941 8
1942 8
1943 2
1944 5
1945 8
1946 10
1947 4
1948 4
1949 2
1950 6
1951 6
1952 4
1953 6
1954 9
1955 6
1956 3
1957 9
1958 3
1959 4
1960 4
1961 2
1962 8
1963 7
1964 4
1965 10
1966 6
1967 3
1968 3
1969 5
1970 7
1971 6
1972 1
1973 6
1974 6
1975 5
1976 6
1977 2
1978 3
1979 4
1980 6
1981 4
1982 5
1983 6
1984 2
1985 7
1986 2
1987 4
1988 3
1989 2
1990 5
1991 7
1992 5
1993 3
1994 2
1995 4
1996 9
1997 9
1998 5
1999 5
2000 2
2001 6
2002 7
2003 4
2004 4
2005 1
2006 4
2007 4
2008 2
2009 3
2010 3
2011 2
2012 5
2013 7
2014 4
2015 4
2016 2
2017 3
2018 3
2019 6
2020 5
2021 2
2022 7
2023 11
2024 2
2025 5
2026 3
2027 5
2028 3
2029 8
2030 8
2031 7
2032 8
2033 6
2034 9
2035 3
2036 8
2037 5
2038 5
2039 8
2040 3
2041 4
2042 2
2043 7
2044 5
2045 3
2046 5
2047 5
2048 6
2049 6
2050 4
2051 3
2052 0
2053 10
2054 8
2055 8
2056 4
2057 7
2058 5
2059 3
2060 3
2061 6
2062 4
2063 7
2064 4
2065 5
2066 5
2067 5
2068 9
2069 3
2070 2
2071 4
2072 6
2073 3
2074 8
2075 3
2076 4
2077 7
2078 3
2079 8
2080 5
2081 2
2082 6
2083 5
2084 4
2085 7
2086 6
2087 5
2088 8
2089 4
2090 7
2091 6
2092 7
2093 9
2094 5
2095 2
2096 4
2097 9
2098 5
2099 3
2100 7
2101 4
2102 2
2103 4
2104 4
2105 6
2106 2
2107 9
2108 9
2109 5
2110 10
2111 3
2112 3
2113 6
2114 4
2115 6
2116 5
2117 5
2118 6
2119 1
2120 4
2121 7
2122 6
2123 4
2124 9
2125 3
2126 6
2127 4
2128 3
2129 6
2130 4
2131 5
2132 5
2133 4
2134 7
2135 3
2136 5
2137 2
2138 8
2139 3
2140 6
2141 8
2142 1
2143 5
2144 3
2145 6
2146 5
2147 5
2148 5
2149 6
2150 6
2151 2
2152 5
2153 4
2154 5
2155 8
2156 3
2157 7
2158 8
2159 2
2160 6
2161 2
2162 3
2163 7
2164 5
2165 4
2166 6
2167 8
2168 8
2169 5
2170 3
2171 5
2172 3
2173 5
2174 3
2175 8
2176 2
2177 1
2178 8
2179 7
2180 4
2181 5
2182 8
2183 2
2184 1
2185 4
2186 4
2187 3
2188 6
2189 1
2190 6
2191 4
2192 3
2193 9
2194 5
2195 3
2196 1
2197 7
2198 3
2199 4
2200 5
2201 1
2202 10
2203 4
2204 6
2205 3
2206 11
2207 5
2208 10
2209 7
2210 5
2211 5
2212 7
2213 2
2214 8
2215 5
2216 8
2217 9
2218 5
2219 5
2220 5
2221 6
2222 3
2223 5
2224 5
2225 6
2226 5
2227 5
2228 3
2229 8
2230 4
2231 4
2232 6
2233 5
2234 3
2235 3
2236 3
2237 4
2238 3
2239 3
2240 3
2241 4
2242 6
2243 9
2244 2
2245 8
2246 4
2247 3
2248 5
2249 8
2250 3
2251 5
2252 4
2253 9
2254 4
2255 2
2256 6
2257 6
2258 3
2259 5
2260 5
2261 5
2262 7
2263 3
2264 5
2265 4
2266 9
2267 10
2268 7
2269 6
2270 7
2271 4
2272 4
2273 13
2274 5
2275 5
2276 6
2277 6
2278 7
2279 3
2280 5
2281 7
2282 7
2283 1
2284 5
2285 3
2286 8
2287 5
2288 7
2289 2
2290 11
2291 5
2292 4
2293 3
2294 4
2295 4
2296 10
2297 3
2298 2
2299 1
2300 3
2301 4
2302 4
2303 7
2304 5
2305 3
2306 8
2307 6
2308 7
2309 8
2310 3
2311 3
2312 6
2313 3
2314 13
2315 3
2316 3
2317 3
2318 5
2319 8
2320 8
2321 4
2322 6
2323 8
2324 6
2325 4
2326 5
2327 7
2328 3
2329 2
2330 3
2331 4
2332 8
2333 7
2334 4
2335 5
2336 3
2337 5
2338 4
2339 0
2340 3
2341 3
2342 5
2343 4
2344 2
2345 4
2346 4
2347 3
2348 4
2349 6
2350 6
2351 4
2352 6
2353 3
2354 5
2355 2
2356 5
2357 3
2358 6
2359 6
2360 8
2361 3
2362 7
2363 3
2364 7
2365 4
2366 8
2367 2
2368 3
2369 7
2370 6
2371 3
2372 4
2373 4
2374 5
2375 6
2376 4
2377 5
2378 9
2379 4
2380 9
2381 3
2382 9
2383 7
2384 3
2385 6
2386 2
2387 6
2388 5
2389 5
2390 7
2391 7
2392 4
2393 5
2394 5
2395 6
2396 6
2397 7
2398 3
2399 3
2400 4
2401 4
2402 8
2403 3
2404 7
2405 6
2406 2
2407 7
2408 6
2409 3
2410 6
2411 6
2412 3
2413 4
2414 4
2415 4
2416 2
2417 4
2418 1
2419 2
2420 4
2421 7
2422 4
2423 6
2424 2
2425 7
2426 5
2427 2
2428 7
2429 2
2430 0
2431 7
2432 2
2433 5
2434 3
2435 3
2436 7
2437 5
2438 5
2439 5
2440 6
2441 4
2442 5
2443 4
2444 7
2445 5
2446 9
2447 5
2448 5
2449 4
2450 3
2451 4
2452 2
2453 6
2454 3
2455 3
2456 6
2457 7
2458 5
2459 3
2460 6
2461 3
2462 5
2463 8
2464 5
2465 8
2466 3
2467 3
2468 3
2469 5
2470 5
2471 4
2472 2
2473 6
2474 7
2475 9
2476 7
2477 4
2478 2
2479 6
2480 8
2481 5
2482 8
2483 3
2484 5
2485 5
2486 4
2487 2
2488 7
2489 3
2490 8
2491 2
2492 6
2493 5
2494 6
2495 3
2496 4
2497 2
2498 5
2499 8
2500 5
2501 9
2502 4
2503 2
2504 9
2505 11
2506 1
2507 12
2508 5
2509 7
2510 5
2511 3
2512 7
2513 5
2514 4
2515 5
2516 5
2517 4
2518 9
2519 8
2520 1
2521 9
2522 6
2523 5
2524 6
2525 6
2526 6
2527 2
2528 1
2529 4
2530 5
2531 3
2532 10
2533 3
2534 2
2535 1
2536 6
2537 6
2538 3
2539 2
2540 1
2541 5
2542 7
2543 5
2544 5
2545 4
2546 7
2547 3
2548 8
2549 4
2550 7
2551 4
2552 5
2553 10
2554 5
2555 4
2556 5
2557 3
2558 9
2559 7
2560 4
2561 4
2562 5
2563 3
2564 5
2565 7
2566 6
2567 5
2568 5
2569 9
2570 4
2571 5
2572 8
2573 2
2574 2
2575 4
2576 4
2577 5
2578 6
2579 8
2580 5
2581 0
2582 3
2583 6
2584 4
2585 9
2586 5
2587 7
2588 7
2589 2
2590 4
2591 5
2592 6
2593 6
2594 8
2595 4
2596 3
2597 2
2598 3
2599 3
2600 7
2601 4
2602 6
2603 6
2604 11
2605 4
2606 5
2607 8
2608 4
2609 8
2610 5
2611 4
2612 7
2613 1
2614 8
2615 5
2616 7
2617 3
2618 9
2619 8
2620 2
2621 3
2622 3
2623 3
2624 4
2625 3
2626 6
2627 4
2628 4
2629 1
2630 1
2631 6
2632 4
2633 7
2634 4
2635 5
2636 5
2637 4
2638 6
2639 2
2640 9
2641 8
2642 11
2643 6
2644 8
2645 9
2646 5
2647 11
2648 1
2649 5
2650 4
2651 4
2652 5
2653 5
2654 4
2655 7
2656 2
2657 6
2658 4
2659 7
2660 1
2661 9
2662 9
2663 4
2664 6
2665 6
2666 0
2667 3
2668 6
2669 9
2670 9
2671 7
2672 7
2673 8
2674 2
2675 8
2676 5
2677 8
2678 2
2679 7
2680 8
2681 3
2682 6
2683 6
2684 3
2685 6
2686 6
2687 7
2688 6
2689 7
2690 3
2691 3
2692 5
2693 7
2694 8
2695 4
2696 4
2697 5
2698 3
2699 7
2700 5
2701 4
2702 5
2703 3
2704 7
2705 3
2706 6
2707 8
2708 10
2709 8
2710 3
2711 5
2712 4
2713 5
2714 7
2715 6
2716 5
2717 3
2718 6
2719 5
2720 2
2721 6
2722 1
2723 5
2724 5
2725 2
2726 2
2727 5
2728 1
2729 4
2730 8
2731 5
2732 7
2733 3
2734 6
2735 4
2736 4
2737 4
2738 3
2739 6
2740 5
2741 6
2742 7
2743 3
2744 1
2745 8
2746 5
2747 2
2748 1
2749 5
2750 5
2751 8
2752 2
2753 5
2754 2
2755 4
2756 3
2757 8
2758 10
2759 6
2760 1
2761 2
2762 6
2763 4
2764 6
2765 1
2766 6
2767 2
2768 4
2769 5
2770 4
2771 6
2772 3
2773 4
2774 7
2775 5
2776 6
2777 10
2778 5
2779 2
2780 7
2781 4
2782 6
2783 4
2784 5
2785 3
2786 6
2787 3
2788 5
2789 3
2790 3
2791 4
2792 4
2793 6
2794 6
2795 6
2796 5
2797 3
2798 6
2799 10
2800 4
2801 6
2802 7
2803 5
2804 2
2805 3
2806 6
2807 2
2808 3
2809 12
2810 3
2811 5
2812 2
2813 4
2814 4
2815 2
2816 10
2817 4
2818 5
2819 2
2820 2
2821 3
2822 6
2823 5
2824 2
2825 5
2826 4
2827 7
2828 6
2829 6
2830 6
2831 4
2832 3
2833 5
2834 4
2835 7
2836 11
2837 7
2838 8
2839 6
2840 7
2841 2
2842 5
2843 3
2844 5
2845 3
2846 8
2847 6
2848 7
2849 3
2850 5
2851 7
2852 6
2853 6
2854 3
2855 3
2856 4
2857 3
2858 12
2859 6
2860 4
2861 4
2862 6
2863 10
2864 2
2865 9
2866 4
2867 6
2868 3
2869 3
2870 2
2871 6
2872 3
2873 3
2874 2
2875 7
2876 4
2877 7
2878 4
2879 7
2880 7
2881 5
2882 4
2883 3
2884 8
2885 10
2886 3
2887 6
2888 3
2889 5
2890 6
2891 5
2892 5
2893 2
2894 7
2895 3
2896 5
2897 3
2898 3
2899 3
2900 8
2901 8
2902 8
2903 4
2904 5
2905 4
2906 3
2907 4
2908 3
2909 6
2910 6
2911 4
2912 5
2913 6
2914 6
2915 8
2916 4
2917 3
2918 3
2919 6
2920 5
2921 6
2922 4
2923 10
2924 8
2925 8
2926 10
2927 9
2928 9
2929 3
2930 4
2931 3
2932 6
2933 2
2934 7
2935 8
2936 7
2937 4
2938 6
2939 2
2940 3
2941 6
2942 4
2943 5
2944 8
2945 3
2946 1
2947 2
2948 4
2949 5
2950 6
2951 6
2952 5
2953 6
2954 6
2955 8
2956 4
2957 2
2958 4
2959 5
2960 2
2961 6
2962 8
2963 4
2964 5
2965 4
2966 7
2967 7
2968 5
2969 4
2970 2
2971 4
2972 7
2973 3
2974 1
2975 5
2976 7
2977 7
2978 12
2979 8
2980 10
2981 5
2982 7
2983 4
2984 6
2985 6
2986 1
2987 9
2988 4
2989 4
2990 3
2991 1
2992 2
2993 4
2994 1
2995 0
2996 6
2997 8
2998 4
2999 9
3000 5
3001 4
3002 6
3003 5
3004 4
3005 6
3006 5
3007 4
3008 5
3009 3
3010 6
3011 5
3012 3
3013 6
3014 3
3015 4
3016 4
3017 5
3018 4
3019 3
3020 5
3021 5
3022 8
3023 7
3024 3
3025 5
3026 3
3027 4
3028 7
3029 7
3030 3
3031 3
3032 1
3033 3
3034 4
3035 6
3036 9
3037 6
3038 4
3039 4
3040 4
3041 6
3042 6
3043 6
3044 4
3045 6
3046 4
3047 9
3048 4
3049 1
3050 4
3051 5
3052 3
3053 4
3054 5
3055 7
3056 8
3057 5
3058 5
3059 0
3060 11
3061 4
3062 9
3063 6
3064 1
3065 5
3066 4
3067 3
3068 4
3069 6
3070 5
3071 8
3072 2
3073 5
3074 4
3075 5
3076 2
3077 1
3078 8
3079 6
3080 4
3081 1
3082 4
3083 3
3084 3
3085 6
3086 5
3087 1
3088 7
3089 0
3090 4
3091 6
3092 3
3093 3
3094 10
3095 7
3096 6
3097 6
3098 4
3099 4
3100 3
3101 6
3102 1
3103 2
3104 9
3105 5
3106 5
3107 2
3108 8
3109 7
3110 1
3111 4
3112 10
3113 3
3114 2
3115 4
3116 5
3117 7
3118 6
3119 4
3120 5
3121 4
3122 3
3123 8
3124 3
3125 7
3126 7
3127 9
3128 4
3129 3
3130 2
3131 3
3132 7
3133 6
3134 4
3135 8
3136 6
3137 3
3138 5
3139 6
3140 7
3141 5
3142 7
3143 8
3144 5
3145 4
3146 9
3147 2
3148 3
3149 6
3150 5
3151 4
3152 4
3153 5
3154 9
3155 7
3156 5
3157 6
3158 6
3159 5
3160 6
3161 9
3162 1
3163 6
3164 2
3165 5
3166 7
3167 6
3168 6
3169 8
3170 9
3171 2
3172 5
3173 2
3174 6
3175 5
3176 5
3177 4
3178 6
3179 5
3180 7
3181 6
3182 5
3183 2
3184 5
3185 12
3186 9
3187 7
3188 3
3189 4
3190 7
3191 2
3192 12
3193 4
3194 3
3195 12
3196 12
3197 4
3198 5
3199 4
3200 8
3201 5
3202 6
3203 7
3204 8
3205 4
3206 8
3207 2
3208 2
3209 4
3210 5
3211 3
3212 8
3213 5
3214 6
3215 7
3216 4
3217 5
3218 4
3219 3
3220 4
3221 2
3222 6
3223 4
3224 5
3225 7
3226 6
3227 9
3228 7
3229 4
3230 5
3231 3
3232 2
3233 6
3234 1
3235 5
3236 6
3237 1
3238 3
3239 4
3240 6
3241 5
3242 9
3243 11
3244 10
3245 6
3246 10
3247 0
3248 3
3249 5
3250 10
3251 7
3252 4
3253 4
3254 4
3255 4
3256 9
3257 6
3258 7
3259 4
3260 6
3261 3
3262 7
3263 5
3264 4
3265 7
3266 8
3267 7
3268 7
3269 6
3270 2
3271 3
3272 3
3273 7
3274 5
3275 4
3276 7
3277 7
3278 4
3279 4
3280 3
3281 6
3282 4
3283 6
3284 4
3285 12
3286 5
3287 10
3288 3
3289 3
3290 3
3291 3
3292 8
3293 7
3294 8
3295 6
3296 4
3297 5
3298 4
3299 8
3300 2
3301 3
3302 1
3303 3
3304 5
3305 4
3306 6
3307 9
3308 9
3309 6
3310 4
3311 2
3312 5
3313 11
3314 10
3315 7
3316 4
3317 3
3318 2
3319 3
3320 1
3321 4
3322 3
3323 6
3324 8
3325 5
3326 11
3327 5
3328 5
3329 6
3330 7
3331 3
3332 12
3333 5
3334 5
3335 5
3336 5
3337 1
3338 9
3339 6
3340 4
3341 3
3342 4
3343 4
3344 5
3345 5
3346 7
3347 8
3348 3
3349 8
3350 5
3351 4
3352 7
3353 7
3354 7
3355 5
3356 8
3357 0
3358 5
3359 1
3360 1
3361 3
3362 5
3363 5
3364 6
3365 2
3366 3
3367 2
3368 5
3369 0
3370 3
3371 3
3372 6
3373 4
3374 5
3375 4
3376 7
3377 8
3378 3
3379 5
3380 8
3381 7
3382 6
3383 10
3384 8
3385 7
3386 5
3387 2
3388 3
3389 4
3390 10
3391 4
3392 3
3393 8
3394 7
3395 4
3396 10
3397 2
3398 2
3399 4
3400 2
3401 2
3402 3
3403 5
3404 3
3405 4
3406 4
3407 3
3408 7
3409 4
3410 6
3411 3
3412 4
3413 3
3414 2
3415 3
3416 5
3417 6
3418 8
3419 5
3420 8
3421 7
3422 7
3423 4
3424 6
3425 6
3426 5
3427 5
3428 9
3429 3
3430 4
3431 3
3432 4
3433 2
3434 9
3435 7
3436 8
3437 2
3438 6
3439 1
3440 4
3441 5
3442 9
3443 6
3444 10
3445 5
3446 6
3447 1
3448 5
3449 7
3450 5
3451 4
3452 3
3453 7
3454 6
3455 3
3456 9
3457 6
3458 3
3459 5
3460 2
3461 5
3462 6
3463 9
3464 4
3465 7
3466 6
3467 10
3468 4
3469 5
3470 7
3471 7
3472 4
3473 6
3474 6
3475 2
3476 2
3477 4
3478 6
3479 1
3480 6
3481 6
3482 4
3483 3
3484 4
3485 5
3486 3
3487 1
3488 3
3489 0
3490 5
3491 4
3492 4
3493 6
3494 10
3495 7
3496 2
3497 8
3498 7
3499 4
3500 2
3501 9
3502 0
3503 7
3504 4
3505 3
3506 6
3507 3
3508 2
3509 5
3510 4
3511 4
3512 4
3513 7
3514 6
3515 1
3516 5
3517 4
3518 6
3519 5
3520 4
3521 5
3522 2
3523 5
3524 4
3525 5
3526 10
3527 7
3528 4
3529 4
3530 5
3531 7
3532 7
3533 5
3534 4
3535 6
3536 5
3537 4
3538 4
3539 6
3540 5
3541 0
3542 3
3543 8
3544 4
3545 6
3546 4
3547 4
3548 1
3549 7
3550 5
3551 3
3552 1
3553 3
3554 7
3555 6
3556 4
3557 6
3558 3
3559 4
3560 9
3561 5
3562 5
3563 5
3564 4
3565 6
3566 7
3567 3
3568 1
3569 4
3570 7
3571 3
3572 10
3573 8
3574 8
3575 6
3576 5
3577 6
3578 2
3579 2
3580 11
3581 8
3582 8
3583 1
3584 1
3585 1
3586 9
3587 4
3588 7
3589 11
3590 4
3591 2
3592 8
3593 7
3594 10
3595 9
3596 3
3597 3
3598 5
3599 4
3600 2
3601 5
3602 4
3603 6
3604 12
3605 5
3606 3
3607 5
3608 9
3609 5
3610 4
3611 3
3612 8
3613 2
3614 4
3615 8
3616 5
3617 9
3618 5
3619 8
3620 4
3621 3
3622 5
3623 6
3624 12
3625 9
3626 7
3627 4
3628 3
3629 4
3630 5
3631 5
3632 8
3633 6
3634 5
3635 5
3636 4
3637 11
3638 8
3639 5
3640 8
3641 2
3642 8
3643 7
3644 4
3645 5
3646 6
3647 6
3648 4
3649 3
3650 2
3651 4
3652 3
3653 5
3654 6
3655 0
3656 6
3657 5
3658 6
3659 4
3660 3
3661 5
3662 6
3663 2
3664 6
3665 3
3666 5
3667 5
3668 5
3669 5
3670 3
3671 4
3672 6
3673 3
3674 2
3675 4
3676 4
3677 10
3678 4
3679 3
3680 6
3681 4
3682 5
3683 2
3684 3
3685 7
3686 6
3687 5
3688 10
3689 6
3690 5
3691 1
3692 4
3693 6
3694 9
3695 3
3696 4
3697 3
3698 5
3699 10
3700 3
3701 5
3702 5
3703 6
3704 3
3705 6
3706 5
3707 5
3708 5
3709 13
3710 4
3711 10
3712 8
3713 8
3714 3
3715 10
3716 8
3717 5
3718 8
3719 5
3720 7
3721 2
3722 4
3723 4
3724 2
3725 6
3726 5
3727 5
3728 8
3729 3
3730 3
3731 4
3732 6
3733 4
3734 4
3735 4
3736 4
3737 5
3738 9
3739 7
3740 4
3741 5
3742 10
3743 5
3744 5
3745 8
3746 4
3747 6
3748 5
3749 5
3750 2
3751 9
3752 5
3753 4
3754 6
3755 5
3756 2
3757 5
3758 6
3759 3
3760 5
3761 5
3762 4
3763 2
3764 4
3765 5
3766 7
3767 4
3768 2
3769 5
3770 6
3771 10
3772 3
3773 4
3774 6
3775 1
3776 6
3777 3
3778 3
3779 2
3780 4
3781 10
3782 6
3783 1
3784 3
3785 7
3786 4
3787 4
3788 8
3789 10
3790 6
3791 4
3792 11
3793 6
3794 7
3795 1
3796 5
3797 5
3798 3
3799 4
3800 7
3801 6
3802 4
3803 3
3804 12
3805 5
3806 3
3807 4
3808 3
3809 6
3810 7
3811 6
3812 6
3813 7
3814 6
3815 5
3816 5
3817 6
3818 5
3819 4
3820 4
3821 3
3822 5
3823 3
3824 2
3825 5
3826 6
3827 4
3828 9
3829 6
3830 4
3831 6
3832 4
3833 7
3834 6
3835 5
3836 4
3837 1
3838 3
3839 4
3840 2
3841 5
3842 2
3843 3
3844 3
3845 6
3846 9
3847 5
3848 3
3849 6
3850 5
3851 6
3852 5
3853 7
3854 2
3855 5
3856 4
3857 5
3858 4
3859 3
3860 8
3861 3
3862 6
3863 6
3864 4
3865 7
3866 6
3867 2
3868 5
3869 6
3870 4
3871 8
3872 4
3873 4
3874 6
3875 2
3876 5
3877 2
3878 6
3879 4
3880 8
3881 8
3882 3
3883 5
3884 11
3885 5
3886 3
3887 4
3888 2
3889 3
3890 4
3891 5
3892 7
3893 8
3894 9
3895 4
3896 5
3897 6
3898 3
3899 5
3900 4
3901 8
3902 8
3903 2
3904 5
3905 6
3906 6
3907 7
3908 4
3909 10
3910 3
3911 5
3912 9
3913 5
3914 3
3915 2
3916 9
3917 4
3918 9
3919 4
3920 6
3921 4
3922 7
3923 9
3924 1
3925 5
3926 6
3927 4
3928 3
3929 3
3930 3
3931 1
3932 4
3933 3
3934 6
3935 9
3936 7
3937 5
3938 4
3939 6
3940 7
3941 6
3942 6
3943 3
3944 4
3945 5
3946 2
3947 4
3948 7
3949 6
3950 8
3951 8
3952 4
3953 4
3954 2
3955 3
3956 5
3957 3
3958 3
3959 4
3960 4
3961 3
3962 9
3963 7
3964 4
3965 6
3966 3
3967 9
3968 2
3969 6
3970 5
3971 8
3972 6
3973 5
3974 6
3975 5
3976 4
3977 4
3978 3
3979 5
3980 2
3981 4
3982 4
3983 1
3984 6
3985 2
3986 6
3987 5
3988 4
3989 4
3990 4
3991 3
3992 5
3993 8
3994 9
3995 8
3996 5
3997 5
3998 4
3999 6
4000 3
4001 4
4002 6
4003 5
4004 5
4005 2
4006 6
4007 6
4008 2
4009 1
4010 10
4011 4
4012 5
4013 6
4014 8
4015 6
4016 8
4017 4
4018 4
4019 4
4020 0
4021 4
4022 3
4023 4
4024 8
4025 1
4026 6
4027 0
4028 12
4029 1
4030 5
4031 4
4032 5
4033 8
4034 7
4035 3
4036 5
4037 8
4038 0
4039 5
4040 6
4041 8
4042 5
4043 5
4044 8
4045 7
4046 7
4047 13
4048 9
4049 5
4050 2
4051 8
4052 5
4053 6
4054 7
4055 6
4056 5
4057 2
4058 3
4059 1
4060 4
4061 6
4062 5
4063 4
4064 5
4065 1
4066 7
4067 2
4068 1
4069 7
4070 6
4071 3
4072 2
4073 5
4074 5
4075 8
4076 5
4077 0
4078 7
4079 4
4080 2
4081 6
4082 8
4083 4
4084 4
4085 5
4086 6
4087 2
4088 9
4089 5
4090 5
4091 5
4092 6
4093 4
4094 2
4095 2
4096 2
4097 5
4098 4
4099 7
4100 5
4101 2
4102 4
4103 5
4104 5
4105 3
4106 4
4107 10
4108 5
4109 9
4110 5
4111 6
4112 5
4113 2
4114 1
4115 8
4116 2
4117 6
4118 7
4119 4
4120 2
4121 5
4122 4
4123 8
4124 1
4125 11
4126 6
4127 4
4128 7
4129 9
4130 6
4131 5
4132 6
4133 8
4134 4
4135 7
4136 6
4137 7
4138 7
4139 7
4140 5
4141 2
4142 4
4143 2
4144 9
4145 4
4146 7
4147 6
4148 0
4149 2
4150 6
4151 2
4152 2
4153 10
4154 3
4155 4
4156 6
4157 4
4158 7
4159 8
4160 3
4161 4
4162 10
4163 4
4164 4
4165 7
4166 7
4167 9
4168 5
4169 9
4170 4
4171 8
4172 3
4173 6
4174 5
4175 4
4176 2
4177 5
4178 4
4179 7
4180 2
4181 10
4182 1
4183 4
4184 4
4185 8
4186 7
4187 2
4188 0
4189 7
4190 2
4191 3
4192 6
4193 5
4194 7
4195 6
4196 6
4197 5
4198 2
4199 7
4200 5
4201 2
4202 3
4203 5
4204 5
4205 4
4206 6
4207 5
4208 4
4209 8
4210 6
4211 6
4212 2
4213 1
4214 2
4215 4
4216 7
4217 3
4218 5
4219 4
4220 1
4221 3
4222 8
4223 11
4224 7
4225 5
4226 5
4227 3
4228 7
4229 3
4230 5
4231 6
4232 8
4233 4
4234 8
4235 4
4236 4
4237 4
4238 5
4239 5
4240 7
4241 8
4242 7
4243 4
4244 4
4245 5
4246 3
4247 6
4248 6
4249 3
4250 6
4251 3
4252 4
4253 9
4254 8
4255 4
4256 5
4257 4
4258 5
4259 4
4260 4
4261 1
4262 1
4263 3
4264 11
4265 4
4266 6
4267 5
4268 3
4269 2
4270 6
4271 7
4272 4
4273 5
4274 5
4275 1
4276 4
4277 6
4278 3
4279 3
4280 6
4281 8
4282 3
4283 5
4284 3
4285 7
4286 3
4287 3
4288 9
4289 4
4290 5
4291 6
4292 5
4293 6
4294 2
4295 8
4296 7
4297 7
4298 5
4299 8
4300 7
4301 7
4302 2
4303 3
4304 7
4305 7
4306 7
4307 7
4308 7
4309 10
4310 2
4311 3
4312 3
4313 5
4314 5
4315 2
4316 4
4317 6
4318 5
4319 5
4320 4
4321 3
4322 11
4323 3
4324 3
4325 7
4326 4
4327 4
4328 1
4329 4
4330 10
4331 8
4332 6
4333 3
4334 4
4335 5
4336 4
4337 2
4338 8
4339 6
4340 2
4341 7
4342 9
4343 4
4344 6
4345 4
4346 6
4347 9
4348 6
4349 4
4350 6
4351 5
4352 2
4353 6
4354 5
4355 4
4356 8
4357 3
4358 4
4359 6
4360 6
4361 0
4362 4
4363 4
4364 11
4365 8
4366 3
4367 11
4368 3
4369 4
4370 3
4371 6
4372 4
4373 2
4374 3
4375 6
4376 6
4377 7
4378 3
4379 6
4380 5
4381 3
4382 3
4383 4
4384 6
4385 5
4386 1
4387 3
4388 3
4389 4
4390 2
4391 4
4392 3
4393 1
4394 3
4395 9
4396 4
4397 5
4398 3
4399 1
4400 8
4401 4
4402 6
4403 1
4404 6
4405 6
4406 1
4407 7
4408 5
4409 4
4410 1
4411 2
4412 7
4413 4
4414 4
4415 6
4416 4
4417 3
4418 6
4419 5
4420 4
4421 7
4422 4
4423 3
4424 2
4425 2
4426 3
4427 2
4428 6
4429 9
4430 3
4431 5
4432 4
4433 5
4434 4
4435 2
4436 4
4437 6
4438 7
4439 8
4440 4
4441 6
4442 2
4443 7
4444 5
4445 4
4446 6
4447 5
4448 5
4449 4
4450 5
4451 2
4452 5
4453 2
4454 4
4455 5
4456 9
4457 5
4458 7
4459 3
4460 3
4461 2
4462 4
4463 6
4464 7
4465 4
4466 6
4467 2
4468 6
4469 8
4470 4
4471 3
4472 2
4473 7
4474 4
4475 2
4476 7
4477 3
4478 8
4479 5
4480 4
4481 6
4482 2
4483 6
4484 5
4485 2
4486 5
4487 3
4488 7
4489 5
4490 7
4491 4
4492 2
4493 5
4494 1
4495 2
4496 6
4497 5
4498 4
4499 8
4500 4
4501 6
4502 3
4503 3
4504 6
4505 5
4506 7
4507 3
4508 1
4509 1
4510 9
4511 12
4512 5
4513 5
4514 8
4515 8
4516 3
4517 3
4518 4
4519 7
4520 5
4521 3
4522 6
4523 2
4524 2
4525 4
4526 0
4527 3
4528 9
4529 12
4530 1
4531 10
4532 6
4533 6
4534 6
4535 5
4536 2
4537 5
4538 2
4539 4
4540 6
4541 5
4542 7
4543 7
4544 7
4545 3
4546 5
4547 4
4548 2
4549 5
4550 5
4551 5
4552 2
4553 7
4554 6
4555 10
4556 1
4557 1
4558 9
4559 4
4560 3
4561 8
4562 5
4563 5
4564 4
4565 8
4566 8
4567 4
4568 6
4569 2
4570 2
4571 7
4572 2
4573 6
4574 5
4575 2
4576 2
4577 3
4578 3
4579 6
4580 4
4581 10
4582 2
4583 5
4584 5
4585 8
4586 5
4587 8
4588 3
4589 4
4590 1
4591 2
4592 2
4593 5
4594 5
4595 5
4596 4
4597 9
4598 6
4599 6
4600 7
4601 5
4602 7
4603 5
4604 3
4605 3
4606 2
4607 2
4608 4
4609 10
4610 7
4611 4
4612 3
4613 7
4614 8
4615 9
4616 4
4617 9
4618 4
4619 6
4620 5
4621 4
4622 2
4623 5
4624 2
4625 2
4626 3
4627 5
4628 6
4629 4
4630 6
4631 4
4632 8
4633 4
4634 2
4635 0
4636 5
4637 4
4638 2
4639 4
4640 8
4641 8
4642 11
4643 4
4644 7
4645 4
4646 3
4647 2
4648 9
4649 10
4650 5
4651 6
4652 3
4653 2
4654 7
4655 9
4656 3
4657 7
4658 5
4659 6
4660 2
4661 5
4662 2
4663 7
4664 6
4665 5
4666 4
4667 4
4668 2
4669 6
4670 4
4671 7
4672 6
4673 6
4674 3
4675 5
4676 3
4677 6
4678 1
4679 8
4680 5
4681 6
4682 5
4683 5
4684 3
4685 2
4686 8
4687 1
4688 5
4689 2
4690 0
4691 4
4692 7
4693 4
4694 5
4695 1
4696 1
4697 6
4698 1
4699 3
4700 4
4701 12
4702 6
4703 7
4704 7
4705 3
4706 5
4707 2
4708 3
4709 7
4710 5
4711 8
4712 6
4713 5
4714 5
4715 9
4716 4
4717 7
4718 8
4719 4
4720 3
4721 8
4722 4
4723 7
4724 7
4725 8
4726 5
4727 9
4728 3
4729 7
4730 2
4731 4
4732 5
4733 4
4734 7
4735 3
4736 2
4737 2
4738 5
4739 4
4740 5
4741 4
4742 7
4743 4
4744 10
4745 5
4746 3
4747 9
4748 6
4749 2
4750 3
4751 7
4752 3
4753 7
4754 2
4755 3
4756 4
4757 6
4758 4
4759 4
4760 6
4761 9
4762 2
4763 3
4764 10
4765 4
4766 4
4767 2
4768 10
4769 10
4770 3
4771 3
4772 7
4773 2
4774 8
4775 4
4776 6
4777 9
4778 7
4779 4
4780 6
4781 1
4782 2
4783 7
4784 8
4785 3
4786 2
4787 7
4788 8
4789 10
4790 5
4791 5
4792 7
4793 6
4794 7
4795 8
4796 4
4797 3
4798 3
4799 6
4800 7
4801 8
4802 6
4803 1
4804 10
4805 10
4806 2
4807 7
4808 5
4809 4
4810 10
4811 5
4812 5
4813 4
4814 7
4815 4
4816 4
4817 4
4818 5
4819 2
4820 3
4821 7
4822 7
4823 4
4824 8
4825 6
4826 7
4827 8
4828 6
4829 3
4830 5
4831 7
4832 2
4833 7
4834 8
4835 3
4836 9
4837 7
4838 8
4839 1
4840 3
4841 2
4842 4
4843 3
4844 7
4845 3
4846 7
4847 2
4848 4
4849 7
4850 4
4851 4
4852 3
4853 7
4854 2
4855 4
4856 7
4857 10
4858 5
4859 6
4860 3
4861 3
4862 10
4863 6
4864 3
4865 8
4866 5
4867 4
4868 6
4869 4
4870 6
4871 5
4872 4
4873 3
4874 5
4875 8
4876 10
4877 7
4878 5
4879 8
4880 5
4881 4
4882 3
4883 2
4884 5
4885 4
4886 5
4887 2
4888 9
4889 4
4890 8
4891 2
4892 5
4893 6
4894 8
4895 2
4896 5
4897 9
4898 4
4899 6
4900 4
4901 9
4902 7
4903 12
4904 6
4905 6
4906 8
4907 6
4908 1
4909 3
4910 4
4911 6
4912 6
4913 8
4914 11
4915 2
4916 7
4917 3
4918 5
4919 3
4920 1
4921 4
4922 2
4923 3
4924 5
4925 7
4926 8
4927 2
4928 7
4929 4
4930 5
4931 2
4932 10
4933 4
4934 6
4935 4
4936 4
4937 6
4938 5
4939 7
4940 5
4941 3
4942 5
4943 6
4944 5
4945 3
4946 4
4947 3
4948 11
4949 5
4950 1
4951 5
4952 2
4953 8
4954 1
4955 5
4956 2
4957 8
4958 2
4959 8
4960 9
4961 6
4962 4
4963 4
4964 4
4965 7
4966 2
4967 4
4968 4
4969 7
4970 6
4971 5
4972 3
4973 5
4974 1
4975 4
4976 10
4977 3
4978 4
4979 1
4980 4
4981 10
4982 4
4983 8
4984 5
4985 5
4986 6
4987 3
4988 5
4989 5
4990 3
4991 11
4992 5
4993 4
4994 4
4995 6
4996 11
4997 5
4998 6
4999 4
