0 7
1 9
2 14
3 13
4 13
5 10
6 13
7 11
8 13
9 9
10 10
11 10
12 12
13 11
14 12
15 12
16 12
17 10
18 11
19 10
20 6
21 12
22 8
23 11
24 7
25 4
26 11
27 8
28 7
29 7
30 5
31 8
32 13
33 14
34 10
35 7
36 8
37 11
38 7
39 9
40 13
41 10
42 12
43 17
44 10
45 8
46 5
47 13
48 10
49 9
50 16
51 8
52 10
53 12
54 12
55 11
56 9
57 15
58 5
59 11
60 8
61 12
62 7
63 11
64 9
65 5
66 6
67 9
68 11
69 9
70 16
71 13
72 8
73 5
74 8
75 10
76 5
77 4
78 10
79 12
80 12
81 9
82 7
83 8
84 5
85 10
86 6
87 12
88 11
89 8
90 11
91 13
92 8
93 12
94 12
95 6
96 17
97 11
98 10
99 7
100 8
101 11
102 10
103 7
104 8
105 15
106 9
107 15
108 8
109 9
110 4
111 6
112 9
113 6
114 9
115 9
116 6
117 5
118 8
119 9
120 8
121 13
122 11
123 7
124 9
125 8
126 10
127 13
128 6
129 13
130 8
131 10
132 12
133 9
134 4
135 8
136 10
137 13
138 12
139 10
140 10
141 14
142 11
143 9
144 10
145 9
146 18
147 10
148 8
149 14
150 8
151 11
152 17
153 13
154 13
155 9
156 9
157 10
158 7
159 6
160 12
161 8
162 10
163 7
164 9
165 13
166 7
167 6
168 17
169 9
170 10
171 5
172 11
173 8
174 15
175 6
176 11
177 16
178 11
179 9
180 15
181 6
182 7
183 9
184 7
185 10
186 7
187 12
188 9
189 10
190 15
191 9
192 11
193 12
194 11
195 11
196 7
197 12
198 11
199 16
200 5
201 6
202 4
203 10
204 9
205 17
206 12
207 9
208 8
209 10
210 8
211 17
212 9
213 9
214 12
215 10
216 7
217 11
218 9
219 8
220 8
221 13
222 7
223 12
224 5
225 14
226 9
227 8
228 12
229 7
230 10
231 13
232 14
233 11
234 10
235 8
236 17
237 10
238 10
239 8
240 8
241 11
242 10
243 19
244 12
245 15
246 8
247 3
248 9
249 16
250 18
251 15
252 15
253 12
254 16
255 10
256 14
257 6
258 14
259 11
260 6
261 7
262 12
263 13
264 12
265 8
266 12
267 9
268 10
269 8
270 8
271 8
272 6
273 9
274 13
275 11
276 8
277 7
278 10
279 11
280 8
281 10
282 6
283 10
284 8
285 13
286 12
287 12
288 9
289 8
290 8
291 10
292 12
293 15
294 12
295 11
296 12
297 13
298 20
299 8
300 9
301 9
302 13
303 8
304 7
305 5
306 10
307 11
308 9
309 12
310 12
311 7
312 12
313 7
314 8
315 12
316 12
317 10
318 9
319 12
320 14
321 7
322 14
323 10
324 9
325 14
326 9
327 12
328 11
329 10
330 10
331 16
332 13
333 12
334 12
335 11
336 11
337 9
338 9
339 15
340 5
341 12
342 13
343 13
344 8
345 12
346 18
347 12
348 10
349 14
350 10
351 15
352 15
353 11
354 13
355 4
356 14
357 12
358 8
359 11
360 14
361 11
362 4
363 13
364 14
365 11
366 11
367 14
368 21
369 5
370 8
371 10
372 10
373 11
374 14
375 11
376 12
377 12
378 7
379 8
380 11
381 10
382 7
383 10
384 17
385 13
386 6
387 10
388 7
389 12
390 9
391 14
392 6
393 9
394 9
395 10
396 15
397 13
398 7
399 5
400 8
401 9
402 7
403 8
404 10
405 7
406 14
407 7
408 12
409 9
410 5
411 13
412 10
413 8
414 8
415 5
416 9
417 11
418 10
419 12
420 15
421 7
422 12
423 8
424 3
425 13
426 1
427 10
428 8
429 10
430 11
431 10
432 9
433 15
434 16
435 16
436 5
437 10
438 15
439 10
440 8
441 15
442 10
443 10
444 7
445 7
446 16
447 11
448 15
449 6
450 8
451 22
452 14
453 6
454 15
455 8
456 10
457 6
458 7
459 17
460 11
461 11
462 8
463 7
464 12
465 9
466 14
467 9
468 17
469 10
470 6
471 16
472 8
473 7
474 10
475 6
476 2
477 7
478 11
479 5
480 7
481 5
482 12
483 7
484 10
485 9
486 9
487 11
488 8
489 11
490 11
491 13
492 15
493 6
494 11
495 6
496 5
497 5
498 7
499 14
500 13
501 7
502 7
503 13
504 7
505 11
506 12
507 7
508 10
509 14
510 10
511 8
512 12
513 7
514 10
515 11
516 11
517 12
518 4
519 6
520 10
521 11
522 12
523 8
524 16
525 5
526 8
527 5
528 7
529 9
530 13
531 15
532 7
533 12
534 7
535 7
536 12
537 20
538 10
539 9
540 13
541 10
542 8
543 10
544 9
545 8
546 8
547 8
548 10
549 7
550 7
551 11
552 14
553 6
554 10
555 13
556 4
557 14
558 6
559 7
560 14
561 7
562 18
563 5
564 15
565 16
566 9
567 7
568 11
569 11
570 12
571 9
572 8
573 11
574 11
575 7
576 11
577 11
578 7
579 18
580 10
581 12
582 8
583 12
584 10
585 16
586 6
587 5
588 8
589 12
590 11
591 9
592 11
593 11
594 5
595 8
596 11
597 3
598 8
599 12
600 15
601 7
602 12
603 18
604 8
605 3
606 8
607 13
608 7
609 17
610 11
611 11
612 15
613 11
614 10
615 11
616 9
617 10
618 6
619 9
620 13
621 17
622 8
623 14
624 8
625 11
626 11
627 7
628 7
629 14
630 10
631 15
632 8
633 11
634 9
635 15
636 10
637 8
638 8
639 11
640 11
641 12
642 5
643 7
644 14
645 10
646 8
647 12
648 10
649 13
650 9
651 13
652 12
653 9
654 9
655 12
656 12
657 7
658 15
659 13
660 9
661 7
662 10
663 11
664 6
665 12
666 10
667 8
668 6
669 14
670 12
671 9
672 6
673 10
674 11
675 11
676 10
677 4
678 8
679 6
680 4
681 8
682 9
683 12
684 10
685 11
686 13
687 11
688 9
689 9
690 10
691 15
692 13
693 9
694 12
695 7
696 13
697 10
698 12
699 13
700 9
701 10
702 12
703 13
704 9
705 7
706 10
707 10
708 13
709 8
710 8
711 11
712 11
713 19
714 9
715 12
716 11
717 14
718 7
719 9
720 10
721 7
722 13
723 11
724 12
725 10
726 11
727 5
728 11
729 10
730 11
731 11
732 8
733 10
734 14
735 4
736 7
737 8
738 8
739 13
740 6
741 9
742 8
743 13
744 16
745 12
746 7
747 9
748 6
749 12
750 9
751 10
752 6
753 14
754 11
755 7
756 6
757 11
758 5
759 16
760 10
761 7
762 6
763 8
764 6
765 12
766 11
767 5
768 12
769 7
770 11
771 9
772 11
773 14
774 8
775 12
776 4
777 7
778 11
779 5
780 15
781 11
782 21
783 12
784 12
785 10
786 11
787 7
788 13
789 10
790 10
791 3
792 12
793 12
794 11
795 14
796 12
797 8
798 7
799 14
800 9
801 12
802 15
803 6
804 8
805 8
806 3
807 11
808 11
809 13
810 12
811 6
812 8
813 9
814 11
815 11
816 8
817 12
818 10
819 9
820 7
821 6
822 9
823 18
824 10
825 6
826 4
827 8
828 4
829 16
830 5
831 7
832 11
833 7
834 9
835 8
836 16
837 8
838 10
839 9
840 14
841 12
842 7
843 12
844 7
845 7
846 11
847 10
848 9
849 10
850 8
851 14
852 8
853 4
854 6
855 16
856 13
857 10
858 10
859 11
860 23
861 7
862 8
863 14
864 10
865 10
866 10
867 9
868 10
869 11
870 10
871 7
872 6
873 17
874 13
875 11
876 5
877 14
878 16
879 12
880 10
881 9
882 7
883 13
884 7
885 11
886 13
887 5
888 10
889 7
890 8
891 7
892 6
893 17
894 9
895 15
896 11
897 8
898 11
899 12
900 17
901 9
902 11
903 13
904 9
905 10
906 9
907 15
908 9
909 12
910 9
911 9
912 8
913 3
914 8
915 14
916 8
917 5
918 9
919 14
920 13
921 9
922 10
923 10
924 18
925 7
926 11
927 9
928 16
929 10
930 12
931 6
932 4
933 11
934 8
935 9
936 14
937 11
938 8
939 18
940 9
941 14
942 8
943 9
944 11
945 9
946 12
947 11
948 14
949 7
950 12
951 12
952 13
953 5
954 7
955 13
956 3
957 14
958 12
959 8
960 7
961 7
962 13
963 6
964 14
965 12
966 8
967 8
968 8
969 5
970 12
971 4
972 9
973 8
974 15
975 6
976 12
977 4
978 16
979 8
980 12
981 7
982 3
983 8
984 9
985 5
986 9
987 8
988 12
989 11
990 13
991 5
992 5
993 5
994 10
995 11
996 11
997 11
998 13
999 12
1000 11
1001 11
1002 10
1003 9
1004 10
1005 8
1006 7
1007 13
1008 9
1009 12
1010 12
1011 12
1012 11
1013 15
1014 10
1015 9
1016 7
1017 10
1018 14
1019 11
1020 8
1021 10
1022 12
1023 10
1024 9
1025 10
1026 7
1027 8
1028 13
1029 8
1030 8
1031 10
1032 11
1033 10
1034 10
1035 19
1036 10
1037 8
1038 6
1039 15
1040 12
1041 9
1042 13
1043 17
1044 9
1045 6
1046 1
1047 6
1048 5
1049 8
1050 11
1051 15
1052 11
1053 6
1054 9
1055 7
1056 9
1057 8
1058 9
1059 9
1060 10
1061 2
1062 5
1063 10
1064 8
1065 5
1066 8
1067 7
1068 14
1069 9
1070 9
1071 17
1072 7
1073 12
1074 9
1075 6
1076 14
1077 13
1078 5
1079 6
1080 9
1081 13
1082 13
1083 13
1084 7
1085 5
1086 9
1087 8
1088 11
1089 8
1090 8
1091 12
1092 15
1093 12
1094 9
1095 16
1096 8
1097 9
1098 12
1099 17
1100 5
1101 14
1102 8
1103 8
1104 18
1105 9
1106 9
1107 6
1108 7
1109 8
1110 15
1111 7
1112 3
1113 13
1114 15
1115 11
1116 12
1117 5
1118 11
1119 8
1120 12
1121 16
1122 7
1123 11
1124 12
1125 14
1126 8
1127 13
1128 9
1129 14
1130 16
1131 12
1132 9
1133 6
1134 9
1135 8
1136 8
1137 9
1138 4
1139 7
1140 11
1141 12
1142 10
1143 5
1144 6
1145 7
1146 14
1147 11
1148 11
1149 9
1150 10
1151 13
1152 14
1153 15
1154 10
1155 7
1156 10
1157 12
1158 14
1159 14
1160 6
1161 9
1162 10
1163 11
1164 15
1165 11
1166 12
1167 7
1168 9
1169 6
1170 6
1171 11
1172 11
1173 12
1174 7
1175 9
1176 7
1177 13
1178 10
1179 13
1180 12
1181 10
1182 12
1183 11
1184 9
1185 9
1186 7
1187 11
1188 6
1189 11
1190 11
1191 12
1192 7
1193 13
1194 12
1195 14
1196 11
1197 5
1198 10
1199 5
1200 17
1201 9
1202 14
1203 13
1204 12
1205 9
1206 13
1207 12
1208 11
1209 7
1210 9
1211 14
1212 14
1213 9
1214 6
1215 14
1216 12
1217 10
1218 9
1219 6
1220 6
1221 18
1222 6
1223 13
1224 8
1225 10
1226 10
1227 5
1228 7
1229 14
1230 13
1231 12
1232 8
1233 6
1234 15
1235 14
1236 10
1237 8
1238 9
1239 10
1240 10
1241 11
1242 12
1243 12
1244 11
1245 9
1246 11
1247 12
1248 12
1249 14
1250 8
1251 7
1252 12
1253 10
1254 12
1255 11
1256 8
1257 9
1258 11
1259 12
1260 9
1261 11
1262 6
1263 6
1264 9
1265 10
1266 10
1267 12
1268 13
1269 8
1270 8
1271 11
1272 10
1273 12
1274 9
1275 5
1276 11
1277 9
1278 12
1279 7
1280 6
1281 8
1282 16
1283 9
1284 9
1285 12
1286 5
1287 10
1288 13
1289 9
1290 12
1291 12
1292 8
1293 9
1294 11
1295 11
1296 5
1297 6
1298 10
1299 10
1300 10
1301 8
1302 11
1303 11
1304 6
1305 4
1306 4
1307 6
1308 10
1309 9
1310 13
1311 6
1312 5
1313 12
1314 10
1315 10
1316 7
1317 10
1318 4
1319 6
1320 15
1321 6
1322 9
1323 13
1324 11
1325 10
1326 13
1327 7
1328 13
1329 9
1330 9
1331 8
1332 13
1333 9
1334 7
1335 10
1336 8
1337 7
1338 7
1339 15
1340 7
1341 17
1342 7
1343 12
1344 12
1345 12
1346 11
1347 14
1348 12
1349 10
1350 11
1351 6
1352 11
1353 6
1354 9
1355 8
1356 8
1357 15
1358 8
1359 10
1360 9
1361 11
1362 11
1363 15
1364 14
1365 12
1366 7
1367 13
1368 9
1369 6
1370 11
1371 13
1372 15
1373 11
1374 10
1375 5
1376 11
1377 9
1378 7
1379 5
1380 12
1381 8
1382 15
1383 16
1384 6
1385 13
1386 13
1387 11
1388 9
1389 10
1390 8
1391 11
1392 14
1393 2
1394 10
1395 14
1396 8
1397 10
1398 6
1399 11
1400 6
1401 11
1402 14
1403 12
1404 8
1405 10
1406 7
1407 5
1408 13
1409 9
1410 13
1411 12
1412 11
1413 10
1414 12
1415 10
1416 6
1417 11
1418 10
1419 10
1420 5
1421 10
1422 8
1423 9
1424 12
1425 16
1426 18
1427 11
1428 10
1429 17
1430 9
1431 14
1432 9
1433 10
1434 10
1435 9
1436 16
1437 9
1438 10
1439 16
1440 13
1441 13
1442 6
1443 12
1444 6
1445 10
1446 5
1447 9
1448 8
1449 5
1450 10
1451 15
1452 8
1453 6
1454 5
1455 12
1456 11
1457 14
1458 15
1459 11
1460 10
1461 15
1462 2
1463 8
1464 8
1465 11
1466 10
1467 16
1468 7
1469 12
1470 7
1471 14
1472 8
1473 12
1474 12
1475 13
1476 11
1477 11
1478 8
1479 6
1480 12
1481 16
1482 16
1483 14
1484 8
1485 10
1486 9
1487 9
1488 13
1489 11
1490 8
1491 7
1492 8
1493 11
1494 6
1495 14
1496 9
1497 12
1498 8
1499 7
1500 4
1501 8
1502 9
1503 13
1504 7
1505 6
1506 8
1507 5
1508 7
1509 12
1510 10
1511 8
1512 13
1513 11
1514 8
1515 11
1516 9
1517 10
1518 16
1519 13
1520 15
1521 14
1522 6
1523 12
1524 8
1525 9
1526 7
1527 8
1528 8
1529 10
1530 10
1531 11
1532 10
1533 15
1534 12
1535 6
1536 13
1537 8
1538 14
1539 5
1540 11
1541 10
1542 8
1543 6
1544 10
1545 14
1546 8
1547 5
1548 13
1549 9
1550 9
1551 10
1552 14
1553 7
1554 14
1555 12
1556 10
1557 15
1558 10
1559 14
1560 11
1561 13
1562 15
1563 12
1564 8
1565 11
1566 10
1567 6
1568 14
1569 7
1570 8
1571 12
1572 9
1573 9
1574 9
1575 12
1576 11
1577 10
1578 11
1579 10
1580 15
1581 11
1582 13
1583 9
1584 11
1585 8
1586 7
1587 12
1588 12
1589 13
1590 9
1591 7
1592 7
1593 9
1594 4
1595 15
1596 16
1597 11
1598 14
1599 11
1600 4
1601 8
1602 7
1603 9
1604 7
1605 12
1606 13
1607 11
1608 8
1609 5
1610 8
1611 7
1612 10
1613 11
1614 8
1615 6
1616 17
1617 5
1618 9
1619 9
1620 14
1621 15
1622 9
1623 10
1624 9
1625 5
1626 9
1627 6
1628 13
1629 10
1630 9
1631 12
1632 10
1633 17
1634 14
1635 6
1636 13
1637 7
1638 17
1639 14
1640 10
1641 8
1642 14
1643 11
1644 8
1645 9
1646 10
1647 10
1648 4
1649 11
1650 7
1651 4
1652 13
1653 13
1654 3
1655 7
1656 16
1657 9
1658 13
1659 11
1660 15
1661 8
1662 18
1663 7
1664 10
1665 13
1666 10
1667 15
1668 6
1669 5
1670 11
1671 7
1672 10
1673 13
1674 4
1675 8
1676 9
1677 13
1678 8
1679 13
1680 10
1681 11
1682 9
1683 10
1684 15
1685 16
1686 10
1687 14
1688 7
1689 12
1690 17
1691 12
1692 4
1693 11
1694 5
1695 19
1696 9
1697 9
1698 11
1699 10
1700 17
1701 10
1702 5
1703 10
1704 13
1705 11
1706 9
1707 11
1708 10
1709 9
1710 11
1711 9
1712 13
1713 12
1714 15
1715 9
1716 6
1717 11
1718 11
1719 7
1720 9
1721 9
1722 10
1723 11
1724 10
1725 12
1726 9
1727 12
1728 9
1729 5
1730 5
1731 12
1732 7
1733 7
1734 6
1735 15
1736 5
1737 10
1738 17
1739 8
1740 9
1741 9
1742 8
1743 14
1744 8
1745 12
1746 9
1747 8
1748 9
1749 9
1750 9
1751 8
1752 17
1753 13
1754 11
1755 9
1756 13
1757 8
1758 11
1759 5
1760 10
1761 14
1762 10
1763 5
1764 10
1765 9
1766 9
1767 13
1768 14
1769 10
1770 7
1771 10
1772 6
1773 18
1774 6
1775 11
1776 6
1777 8
1778 5
1779 7
1780 13
1781 4
1782 7
1783 12
1784 7
1785 10
1786 5
1787 5
1788 7
1789 11
1790 6
1791 5
1792 5
1793 9
1794 5
1795 11
1796 9
1797 7
1798 9
1799 8
1800 7
1801 11
1802 5
1803 3
1804 19
1805 6
1806 7
1807 7
1808 8
1809 7
1810 9
1811 8
1812 12
1813 5
1814 10
1815 6
1816 6
1817 6
1818 18
1819 13
1820 13
1821 14
1822 5
1823 10
1824 9
1825 10
1826 16
1827 11
1828 7
1829 4
1830 12
1831 8
1832 13
1833 13
1834 11
1835 7
1836 7
1837 18
1838 13
1839 10
1840 5
1841 11
1842 9
1843 8
1844 7
1845 11
1846 11
1847 10
1848 10
1849 9
1850 5
1851 8
1852 8
1853 9
1854 9
1855 8
1856 4
1857 9
1858 11
1859 12
1860 10
1861 6
1862 12
1863 7
1864 13
1865 13
1866 10
1867 7
1868 5
1869 11
1870 12
1871 15
1872 9
1873 10
1874 10
1875 12
1876 10
1877 10
1878 10
1879 7
1880 8
1881 14
1882 7
1883 7
1884 11
1885 15
1886 11
1887 15
1888 8
1889 10
1890 7
1891 5
1892 18
1893 8
1894 13
1895 9
1896 9
1897 13
1898 7
1899 7
1900 6
1901 9
1902 8
1903 7
1904 11
1905 9
1906 14
1907 13
1908 13
1909 13
1910 5
1911 11
1912 20
1913 11
1914 7
1915 6
1916 11
1917 11
1918 6
1919 9
1920 8
1921 4
1922 13
1923 8
1924 14
1925 10
1926 8
1927 4
1928 11
1929 8
1930 10
1931 9
1932 14
1933 12
1934 10
1935 9
1936 7
1937 11
1938 13
1939 9
1940 11
1941 16
1942 13
1943 7
1944 9
1945 11
1946 10
1947 13
1948 10
1949 15
1950 11
1951 5
1952 7
1953 5
1954 13
1955 5
1956 8
1957 8
1958 16
1959 9
1960 9
1961 14
1962 11
1963 8
1964 11
1965 6
1966 11
1967 10
1968 6
1969 7
1970 12
1971 7
1972 11
1973 6
1974 6
1975 8
1976 9
1977 15
1978 9
1979 11
1980 8
1981 6
1982 6
1983 17
1984 8
1985 7
1986 15
1987 9
1988 10
1989 12
1990 11
1991 17
1992 5
1993 11
1994 14
1995 4
1996 4
1997 13
1998 10
1999 9
2000 8
2001 13
2002 11
2003 6
2004 11
2005 9
2006 11
2007 10
2008 7
2009 9
2010 11
2011 11
2012 12
2013 6
2014 11
2015 8
2016 10
2017 8
2018 8
2019 7
2020 9
2021 14
2022 16
2023 11
2024 9
2025 11
2026 8
2027 6
2028 10
2029 15
2030 14
2031 11
2032 8
2033 10
2034 9
2035 12
2036 11
2037 8
2038 7
2039 12
2040 13
2041 11
2042 10
2043 7
2044 12
2045 13
2046 5
2047 12
2048 14
2049 21
2050 16
2051 11
2052 14
2053 13
2054 6
2055 6
2056 11
2057 11
2058 13
2059 15
2060 7
2061 9
2062 9
2063 5
2064 7
2065 14
2066 5
2067 9
2068 10
2069 10
2070 11
2071 19
2072 7
2073 11
2074 5
2075 7
2076 8
2077 11
2078 8
2079 10
2080 8
2081 13
2082 12
2083 6
2084 9
2085 9
2086 15
2087 11
2088 7
2089 10
2090 9
2091 14
2092 8
2093 13
2094 8
2095 14
2096 8
2097 5
2098 8
2099 7
2100 5
2101 9
2102 8
2103 15
2104 15
2105 12
2106 6
2107 14
2108 13
2109 13
2110 5
2111 10
2112 5
2113 8
2114 9
2115 9
2116 15
2117 11
2118 10
2119 11
2120 15
2121 5
2122 1
2123 7
2124 8
2125 11
2126 11
2127 15
2128 9
2129 9
2130 10
2131 6
2132 7
2133 18
2134 14
2135 5
2136 8
2137 8
2138 9
2139 16
2140 14
2141 5
2142 6
2143 9
2144 8
2145 8
2146 7
2147 14
2148 8
2149 10
2150 9
2151 12
2152 7
2153 9
2154 8
2155 9
2156 14
2157 6
2158 12
2159 15
2160 10
2161 7
2162 16
2163 7
2164 7
2165 8
2166 5
2167 7
2168 15
2169 4
2170 10
2171 9
2172 12
2173 12
2174 4
2175 10
2176 9
2177 9
2178 12
2179 7
2180 10
2181 13
2182 8
2183 11
2184 8
2185 8
2186 13
2187 6
2188 9
2189 14
2190 9
2191 7
2192 8
2193 9
2194 10
2195 6
2196 10
2197 14
2198 15
2199 14
2200 6
2201 7
2202 7
2203 15
2204 10
2205 11
2206 15
2207 11
2208 10
2209 11
2210 11
2211 7
2212 14
2213 8
2214 11
2215 17
2216 9
2217 13
2218 9
2219 9
2220 10
2221 8
2222 10
2223 12
2224 3
2225 11
2226 11
2227 9
2228 10
2229 11
2230 14
2231 8
2232 12
2233 7
2234 9
2235 8
2236 12
2237 10
2238 11
2239 11
2240 12
2241 14
2242 12
2243 8
2244 6
2245 11
2246 11
2247 11
2248 8
2249 14
2250 5
2251 5
2252 12
2253 11
2254 12
2255 9
2256 17
2257 7
2258 8
2259 15
2260 9
2261 8
2262 10
2263 6
2264 12
2265 7
2266 10
2267 7
2268 11
2269 5
2270 7
2271 15
2272 14
2273 15
2274 11
2275 5
2276 9
2277 12
2278 12
2279 11
2280 11
2281 9
2282 6
2283 12
2284 11
2285 14
2286 12
2287 14
2288 18
2289 12
2290 8
2291 6
2292 9
2293 11
2294 9
2295 14
2296 11
2297 6
2298 9
2299 12
2300 8
2301 11
2302 8
2303 12
2304 19
2305 19
2306 8
2307 13
2308 16
2309 11
2310 7
2311 7
2312 12
2313 7
2314 4
2315 8
2316 3
2317 12
2318 14
2319 7
2320 11
2321 11
2322 7
2323 8
2324 10
2325 7
2326 11
2327 9
2328 14
2329 20
2330 13
2331 9
2332 21
2333 9
2334 10
2335 9
2336 12
2337 10
2338 8
2339 7
2340 9
2341 12
2342 6
2343 9
2344 11
2345 8
2346 9
2347 12
2348 12
2349 9
2350 9
2351 10
2352 13
2353 9
2354 12
2355 9
2356 8
2357 10
2358 8
2359 8
2360 13
2361 8
2362 10
2363 11
2364 16
2365 11
2366 13
2367 12
2368 17
2369 10
2370 9
2371 9
2372 9
2373 10
2374 12
2375 14
2376 10
2377 5
2378 14
2379 10
2380 9
2381 9
2382 14
2383 12
2384 13
2385 13
2386 7
2387 12
2388 8
2389 7
2390 8
2391 9
2392 8
2393 7
2394 7
2395 9
2396 5
2397 6
2398 12
2399 9
2400 12
2401 13
2402 8
2403 6
2404 10
2405 7
2406 13
2407 15
2408 7
2409 7
2410 10
2411 9
2412 4
2413 9
2414 11
2415 15
2416 11
2417 12
2418 11
2419 12
2420 7
2421 14
2422 6
2423 10
2424 14
2425 9
2426 15
2427 14
2428 9
2429 10
2430 12
2431 11
2432 7
2433 7
2434 13
2435 15
2436 10
2437 6
2438 8
2439 9
2440 13
2441 6
2442 8
2443 10
2444 9
2445 8
2446 7
2447 11
2448 11
2449 10
2450 4
2451 9
2452 13
2453 9
2454 5
2455 13
2456 9
2457 8
2458 13
2459 8
2460 13
2461 5
2462 10
2463 12
2464 10
2465 9
2466 11
2467 8
2468 5
2469 8
2470 12
2471 6
2472 5
2473 13
2474 8
2475 11
2476 6
2477 4
2478 7
2479 9
2480 6
2481 6
2482 11
2483 12
2484 5
2485 6
2486 5
2487 4
2488 15
2489 10
2490 11
2491 6
2492 11
2493 12
2494 7
2495 16
2496 14
2497 13
2498 9
2499 13
2500 7
2501 10
2502 10
2503 15
2504 18
2505 8
2506 9
2507 14
2508 13
2509 9
2510 12
2511 8
2512 7
2513 8
2514 12
2515 11
2516 13
2517 6
2518 10
2519 12
2520 8
2521 12
2522 9
2523 12
2524 13
2525 12
2526 7
2527 9
2528 10
2529 10
2530 12
2531 6
2532 12
2533 8
2534 12
2535 9
2536 9
2537 13
2538 9
2539 15
2540 12
2541 14
2542 8
2543 14
2544 3
2545 9
2546 9
2547 13
2548 10
2549 12
2550 4
2551 9
2552 17
2553 12
2554 13
2555 10
2556 10
2557 15
2558 11
2559 6
2560 13
2561 12
2562 12
2563 13
2564 9
2565 9
2566 9
2567 10
2568 11
2569 17
2570 11
2571 12
2572 7
2573 10
2574 16
2575 15
2576 10
2577 9
2578 10
2579 7
2580 7
2581 8
2582 10
2583 5
2584 10
2585 8
2586 10
2587 7
2588 3
2589 11
2590 9
2591 14
2592 7
2593 10
2594 8
2595 12
2596 14
2597 5
2598 7
2599 12
2600 13
2601 10
2602 6
2603 11
2604 11
2605 7
2606 8
2607 8
2608 13
2609 11
2610 5
2611 7
2612 8
2613 10
2614 10
2615 9
2616 9
2617 3
2618 11
2619 11
2620 10
2621 10
2622 7
2623 11
2624 5
2625 12
2626 7
2627 14
2628 13
2629 10
2630 5
2631 10
2632 9
2633 10
2634 11
2635 8
2636 10
2637 8
2638 8
2639 12
2640 11
2641 4
2642 16
2643 12
2644 9
2645 7
2646 10
2647 10
2648 9
2649 13
2650 10
2651 4
2652 7
2653 8
2654 6
2655 12
2656 7
2657 10
2658 10
2659 12
2660 13
2661 7
2662 9
2663 8
2664 10
2665 10
2666 12
2667 7
2668 7
2669 12
2670 9
2671 13
2672 9
2673 7
2674 15
2675 8
2676 5
2677 11
2678 14
2679 14
2680 10
2681 7
2682 6
2683 8
2684 10
2685 10
2686 9
2687 14
2688 15
2689 10
2690 8
2691 8
2692 9
2693 18
2694 11
2695 14
2696 6
2697 8
2698 8
2699 8
2700 9
2701 6
2702 11
2703 11
2704 10
2705 15
2706 6
2707 15
2708 8
2709 10
2710 9
2711 11
2712 11
2713 14
2714 10
2715 9
2716 5
2717 7
2718 14
2719 12
2720 10
2721 7
2722 6
2723 10
2724 6
2725 13
2726 4
2727 6
2728 6
2729 7
2730 9
2731 8
2732 11
2733 8
2734 12
2735 9
2736 10
2737 11
2738 14
2739 11
2740 11
2741 6
2742 9
2743 9
2744 8
2745 8
2746 10
2747 9
2748 5
2749 10
2750 10
2751 10
2752 10
2753 14
2754 10
2755 11
2756 8
2757 8
2758 10
2759 11
2760 9
2761 13
2762 10
2763 8
2764 11
2765 12
2766 6
2767 11
2768 9
2769 11
2770 7
2771 10
2772 7
2773 10
2774 13
2775 7
2776 7
2777 8
2778 7
2779 7
2780 8
2781 13
2782 12
2783 12
2784 9
2785 5
2786 6
2787 19
2788 11
2789 8
2790 14
2791 10
2792 15
2793 10
2794 5
2795 9
2796 10
2797 13
2798 8
2799 5
2800 10
2801 6
2802 9
2803 8
2804 10
2805 9
2806 15
2807 9
2808 10
2809 13
2810 11
2811 13
2812 11
2813 12
2814 9
2815 12
2816 13
2817 8
2818 8
2819 8
2820 10
2821 9
2822 12
2823 10
2824 5
2825 6
2826 7
2827 13
2828 10
2829 12
2830 5
2831 10
2832 8
2833 11
2834 11
2835 9
2836 6
2837 11
2838 11
2839 7
2840 11
2841 14
2842 8
2843 11
2844 5
2845 3
2846 15
2847 13
2848 7
2849 9
2850 10
2851 12
2852 10
2853 4
2854 9
2855 13
2856 10
2857 15
2858 10
2859 8
2860 13
2861 7
2862 10
2863 13
2864 6
2865 13
2866 5
2867 9
2868 15
2869 5
2870 8
2871 11
2872 15
2873 8
2874 15
2875 6
2876 9
2877 8
2878 13
2879 16
2880 17
2881 5
2882 9
2883 8
2884 12
2885 4
2886 14
2887 11
2888 10
2889 11
2890 11
2891 14
2892 11
2893 14
2894 6
2895 10
2896 8
2897 11
2898 8
2899 7
2900 6
2901 7
2902 6
2903 9
2904 9
2905 9
2906 9
2907 9
2908 14
2909 6
2910 9
2911 12
2912 10
2913 7
2914 5
2915 15
2916 6
2917 12
2918 10
2919 10
2920 12
2921 12
2922 8
2923 4
2924 8
2925 8
2926 12
2927 10
2928 9
2929 12
2930 12
2931 13
2932 12
2933 12
2934 8
2935 6
2936 12
2937 13
2938 11
2939 9
2940 11
2941 9
2942 18
2943 13
2944 7
2945 10
2946 9
2947 13
2948 18
2949 10
2950 4
2951 8
2952 11
2953 12
2954 8
2955 15
2956 10
2957 10
2958 11
2959 15
2960 12
2961 10
2962 9
2963 8
2964 10
2965 15
2966 12
2967 5
2968 7
2969 9
2970 9
2971 13
2972 11
2973 5
2974 10
2975 9
2976 10
2977 10
2978 15
2979 11
2980 12
2981 13
2982 7
2983 17
2984 9
2985 15
2986 12
2987 13
2988 16
2989 8
2990 12
2991 6
2992 9
2993 12
2994 5
2995 14
2996 15
2997 5
2998 8
2999 8
3000 9
3001 11
3002 8
3003 12
3004 13
3005 15
3006 9
3007 9
3008 6
3009 11
3010 10
3011 9
3012 5
3013 8
3014 15
3015 11
3016 12
3017 8
3018 8
3019 8
3020 11
3021 8
3022 8
3023 11
3024 10
3025 9
3026 10
3027 8
3028 12
3029 12
3030 9
3031 17
3032 7
3033 8
3034 7
3035 11
3036 6
3037 9
3038 13
3039 9
3040 8
3041 13
3042 7
3043 12
3044 12
3045 4
3046 8
3047 14
3048 8
3049 18
3050 4
3051 15
3052 10
3053 6
3054 12
3055 10
3056 12
3057 9
3058 9
3059 7
3060 11
3061 7
3062 13
3063 6
3064 7
3065 7
3066 16
3067 11
3068 19
3069 8
3070 11
3071 12
3072 11
3073 12
3074 8
3075 9
3076 16
3077 11
3078 8
3079 8
3080 9
3081 12
3082 13
3083 8
3084 8
3085 13
3086 6
3087 19
3088 14
3089 11
3090 3
3091 10
3092 13
3093 9
3094 12
3095 6
3096 11
3097 8
3098 10
3099 9
3100 8
3101 12
3102 15
3103 4
3104 5
3105 8
3106 12
3107 13
3108 6
3109 9
3110 7
3111 6
3112 13
3113 12
3114 12
3115 10
3116 9
3117 11
3118 9
3119 10
3120 10
3121 15
3122 17
3123 12
3124 7
3125 8
3126 10
3127 6
3128 14
3129 11
3130 5
3131 18
3132 6
3133 14
3134 13
3135 11
3136 12
3137 5
3138 8
3139 14
3140 5
3141 13
3142 11
3143 12
3144 12
3145 15
3146 8
3147 9
3148 9
3149 9
3150 8
3151 8
3152 8
3153 9
3154 7
3155 6
3156 9
3157 13
3158 10
3159 17
3160 10
3161 12
3162 14
3163 6
3164 13
3165 8
3166 10
3167 13
3168 8
3169 8
3170 10
3171 10
3172 12
3173 12
3174 12
3175 13
3176 11
3177 12
3178 6
3179 12
3180 10
3181 7
3182 16
3183 12
3184 8
3185 10
3186 5
3187 8
3188 7
3189 15
3190 10
3191 8
3192 10
3193 12
3194 10
3195 8
3196 13
3197 10
3198 10
3199 10
3200 8
3201 3
3202 7
3203 8
3204 10
3205 14
3206 9
3207 16
3208 7
3209 12
3210 9
3211 12
3212 7
3213 14
3214 11
3215 5
3216 12
3217 7
3218 11
3219 8
3220 7
3221 10
3222 12
3223 6
3224 17
3225 8
3226 7
3227 9
3228 12
3229 9
3230 11
3231 9
3232 10
3233 17
3234 8
3235 9
3236 11
3237 13
3238 11
3239 8
3240 10
3241 7
3242 9
3243 8
3244 9
3245 7
3246 11
3247 9
3248 8
3249 8
3250 12
3251 14
3252 14
3253 8
3254 11
3255 6
3256 13
3257 10
3258 7
3259 8
3260 11
3261 11
3262 10
3263 9
3264 11
3265 7
3266 15
3267 12
3268 6
3269 8
3270 12
3271 17
3272 12
3273 10
3274 14
3275 14
3276 13
3277 8
3278 11
3279 11
3280 4
3281 10
3282 6
3283 14
3284 11
3285 4
3286 10
3287 12
3288 8
3289 10
3290 7
3291 11
3292 10
3293 9
3294 11
3295 11
3296 9
3297 9
3298 9
3299 9
3300 10
3301 6
3302 4
3303 8
3304 13
3305 8
3306 11
3307 9
3308 6
3309 12
3310 6
3311 5
3312 6
3313 6
3314 15
3315 11
3316 6
3317 9
3318 12
3319 12
3320 12
3321 9
3322 13
3323 9
3324 11
3325 5
3326 11
3327 13
3328 13
3329 12
3330 20
3331 9
3332 13
3333 9
3334 9
3335 6
3336 12
3337 10
3338 16
3339 6
3340 8
3341 8
3342 7
3343 16
3344 14
3345 14
3346 10
3347 14
3348 13
3349 5
3350 13
3351 8
3352 8
3353 11
3354 7
3355 9
3356 11
3357 5
3358 9
3359 8
3360 17
3361 9
3362 8
3363 11
3364 9
3365 12
3366 9
3367 14
3368 7
3369 15
3370 8
3371 13
3372 7
3373 10
3374 8
3375 7
3376 9
3377 9
3378 14
3379 10
3380 10
3381 5
3382 11
3383 13
3384 11
3385 8
3386 7
3387 12
3388 7
3389 4
3390 8
3391 7
3392 11
3393 6
3394 10
3395 7
3396 7
3397 9
3398 11
3399 7
3400 7
3401 8
3402 12
3403 11
3404 12
3405 10
3406 18
3407 13
3408 4
3409 7
3410 5
3411 7
3412 1
3413 14
3414 9
3415 13
3416 12
3417 8
3418 13
3419 9
3420 2
3421 9
3422 8
3423 8
3424 12
3425 14
3426 11
3427 9
3428 16
3429 3
3430 11
3431 9
3432 7
3433 12
3434 8
3435 11
3436 11
3437 10
3438 10
3439 3
3440 8
3441 10
3442 9
3443 11
3444 15
3445 6
3446 10
3447 7
3448 13
3449 9
3450 9
3451 6
3452 7
3453 8
3454 11
3455 12
3456 15
3457 17
3458 8
3459 4
3460 10
3461 7
3462 5
3463 12
3464 10
3465 13
3466 11
3467 9
3468 11
3469 11
3470 16
3471 12
3472 15
3473 10
3474 8
3475 9
3476 10
3477 8
3478 11
3479 16
3480 10
3481 9
3482 4
3483 14
3484 10
3485 12
3486 5
3487 11
3488 10
3489 11
3490 10
3491 5
3492 6
3493 17
3494 12
3495 9
3496 10
3497 8
3498 15
3499 13
3500 10
3501 6
3502 10
3503 12
3504 15
3505 6
3506 11
3507 15
3508 13
3509 6
3510 9
3511 8
3512 14
3513 6
3514 10
3515 4
3516 10
3517 15
3518 11
3519 14
3520 11
3521 11
3522 15
3523 7
3524 13
3525 5
3526 12
3527 13
3528 11
3529 10
3530 12
3531 12
3532 11
3533 9
3534 16
3535 16
3536 10
3537 8
3538 9
3539 15
3540 16
3541 11
3542 10
3543 13
3544 7
3545 11
3546 11
3547 14
3548 8
3549 7
3550 13
3551 4
3552 11
3553 6
3554 9
3555 8
3556 13
3557 15
3558 6
3559 5
3560 7
3561 15
3562 13
3563 13
3564 6
3565 9
3566 7
3567 4
3568 7
3569 13
3570 11
3571 11
3572 13
3573 8
3574 16
3575 9
3576 14
3577 11
3578 9
3579 9
3580 10
3581 13
3582 6
3583 8
3584 9
3585 9
3586 11
3587 9
3588 9
3589 9
3590 5
3591 12
3592 7
3593 5
3594 3
3595 8
3596 14
3597 9
3598 8
3599 8
3600 13
3601 6
3602 9
3603 10
3604 11
3605 7
3606 4
3607 10
3608 12
3609 13
3610 11
3611 12
3612 8
3613 11
3614 11
3615 9
3616 8
3617 4
3618 6
3619 7
3620 11
3621 11
3622 9
3623 5
3624 12
3625 13
3626 10
3627 15
3628 9
3629 10
3630 7
3631 10
3632 9
3633 15
3634 10
3635 10
3636 3
3637 10
3638 15
3639 10
3640 10
3641 12
3642 6
3643 8
3644 11
3645 5
3646 9
3647 10
3648 7
3649 6
3650 10
3651 8
3652 12
3653 16
3654 16
3655 10
3656 10
3657 9
3658 13
3659 7
3660 16
3661 8
3662 12
3663 9
3664 6
3665 8
3666 9
3667 12
3668 10
3669 8
3670 8
3671 12
3672 10
3673 20
3674 13
3675 11
3676 9
3677 15
3678 5
3679 10
3680 14
3681 11
3682 11
3683 7
3684 6
3685 14
3686 2
3687 10
3688 13
3689 7
3690 11
3691 9
3692 12
3693 6
3694 5
3695 12
3696 8
3697 12
3698 15
3699 12
3700 8
3701 13
3702 8
3703 12
3704 18
3705 7
3706 5
3707 6
3708 10
3709 7
3710 11
3711 13
3712 9
3713 9
3714 9
3715 12
3716 9
3717 8
3718 10
3719 12
3720 10
3721 11
3722 11
3723 8
3724 9
3725 7
3726 13
3727 14
3728 7
3729 12
3730 6
3731 8
3732 8
3733 9
3734 15
3735 13
3736 9
3737 7
3738 7
3739 11
3740 10
3741 15
3742 8
3743 7
3744 12
3745 8
3746 9
3747 12
3748 7
3749 10
3750 13
3751 10
3752 13
3753 8
3754 8
3755 5
3756 9
3757 7
3758 11
3759 7
3760 12
3761 8
3762 14
3763 6
3764 11
3765 11
3766 10
3767 13
3768 8
3769 6
3770 8
3771 9
3772 7
3773 12
3774 10
3775 16
3776 11
3777 8
3778 7
3779 9
3780 7
3781 7
3782 16
3783 16
3784 8
3785 7
3786 5
3787 8
3788 14
3789 7
3790 12
3791 11
3792 7
3793 15
3794 11
3795 4
3796 17
3797 8
3798 9
3799 9
3800 10
3801 13
3802 15
3803 11
3804 11
3805 6
3806 6
3807 7
3808 5
3809 7
3810 10
3811 13
3812 7
3813 7
3814 7
3815 6
3816 16
3817 12
3818 6
3819 7
3820 14
3821 8
3822 12
3823 14
3824 6
3825 10
3826 13
3827 12
3828 12
3829 13
3830 11
3831 10
3832 16
3833 6
3834 14
3835 12
3836 9
3837 14
3838 14
3839 12
3840 7
3841 10
3842 8
3843 7
3844 10
3845 7
3846 4
3847 11
3848 12
3849 10
3850 6
3851 12
3852 2
3853 9
3854 13
3855 6
3856 9
3857 11
3858 9
3859 15
3860 9
3861 10
3862 5
3863 6
3864 8
3865 9
3866 12
3867 8
3868 6
3869 9
3870 13
3871 11
3872 5
3873 8
3874 10
3875 12
3876 10
3877 8
3878 10
3879 7
3880 18
3881 7
3882 15
3883 10
3884 15
3885 6
3886 11
3887 17
3888 11
3889 12
3890 13
3891 5
3892 10
3893 7
3894 9
3895 12
3896 14
3897 11
3898 13
3899 10
3900 6
3901 7
3902 12
3903 7
3904 10
3905 9
3906 9
3907 8
3908 12
3909 9
3910 15
3911 8
3912 8
3913 12
3914 15
3915 11
3916 8
3917 10
3918 17
3919 11
3920 10
3921 10
3922 15
3923 10
3924 11
3925 7
3926 8
3927 11
3928 17
3929 4
3930 10
3931 13
3932 6
3933 8
3934 10
3935 6
3936 8
3937 15
3938 8
3939 17
3940 9
3941 11
3942 10
3943 12
3944 7
3945 14
3946 6
3947 13
3948 12
3949 10
3950 7
3951 4
3952 11
3953 16
3954 14
3955 8
3956 16
3957 9
3958 10
3959 6
3960 8
3961 11
3962 10
3963 12
3964 9
3965 10
3966 12
3967 10
3968 16
3969 12
3970 6
3971 11
3972 5
3973 11
3974 10
3975 12
3976 10
3977 6
3978 9
3979 9
3980 9
3981 10
3982 10
3983 10
3984 13
3985 13
3986 5
3987 12
3988 9
3989 9
3990 10
3991 9
3992 7
3993 14
3994 14
3995 2
3996 13
3997 9
3998 11
3999 6
4000 13
4001 17
4002 6
4003 12
4004 8
4005 10
4006 10
4007 10
4008 9
4009 13
4010 11
4011 11
4012 17
4013 10
4014 8
4015 8
4016 9
4017 13
4018 9
4019 10
4020 11
4021 12
4022 10
4023 11
4024 12
4025 11
4026 6
4027 9
4028 10
4029 17
4030 7
4031 7
4032 8
4033 9
4034 10
4035 7
4036 7
4037 5
4038 12
4039 15
4040 8
4041 9
4042 10
4043 6
4044 16
4045 13
4046 4
4047 9
4048 8
4049 12
4050 18
4051 12
4052 8
4053 12
4054 14
4055 9
4056 8
4057 8
4058 10
4059 13
4060 13
4061 15
4062 7
4063 12
4064 8
4065 14
4066 7
4067 12
4068 6
4069 14
4070 7
4071 10
4072 6
4073 20
4074 11
4075 15
4076 17
4077 9
4078 11
4079 13
4080 13
4081 12
4082 9
4083 5
4084 10
4085 12
4086 7
4087 12
4088 13
4089 13
4090 12
4091 9
4092 10
4093 11
4094 17
4095 9
4096 12
4097 11
4098 12
4099 15
4100 17
4101 14
4102 10
4103 6
4104 8
4105 16
4106 4
4107 7
4108 11
4109 10
4110 14
4111 11
4112 14
4113 6
4114 11
4115 8
4116 13
4117 6
4118 13
4119 8
4120 12
4121 9
4122 6
4123 13
4124 12
4125 10
4126 8
4127 17
4128 5
4129 16
4130 10
4131 17
4132 8
4133 7
4134 15
4135 17
4136 8
4137 11
4138 6
4139 6
4140 12
4141 10
4142 11
4143 13
4144 13
4145 15
4146 12
4147 7
4148 12
4149 16
4150 14
4151 13
4152 7
4153 9
4154 8
4155 6
4156 10
4157 13
4158 9
4159 6
4160 10
4161 8
4162 6
4163 12
4164 8
4165 8
4166 13
4167 15
4168 9
4169 10
4170 17
4171 10
4172 5
4173 11
4174 8
4175 12
4176 4
4177 8
4178 11
4179 16
4180 8
4181 9
4182 16
4183 9
4184 14
4185 10
4186 10
4187 10
4188 12
4189 5
4190 7
4191 9
4192 15
4193 12
4194 10
4195 7
4196 10
4197 8
4198 9
4199 11
4200 13
4201 6
4202 12
4203 14
4204 14
4205 17
4206 7
4207 9
4208 13
4209 10
4210 15
4211 8
4212 14
4213 13
4214 13
4215 8
4216 12
4217 10
4218 11
4219 11
4220 10
4221 11
4222 13
4223 12
4224 15
4225 10
4226 6
4227 8
4228 12
4229 7
4230 11
4231 9
4232 7
4233 12
4234 7
4235 6
4236 12
4237 8
4238 4
4239 12
4240 7
4241 15
4242 8
4243 11
4244 7
4245 5
4246 11
4247 6
4248 9
4249 11
4250 9
4251 6
4252 14
4253 11
4254 9
4255 9
4256 11
4257 11
4258 9
4259 11
4260 10
4261 7
4262 12
4263 8
4264 10
4265 12
4266 9
4267 15
4268 14
4269 8
4270 6
4271 10
4272 13
4273 10
4274 13
4275 11
4276 12
4277 15
4278 12
4279 8
4280 10
4281 9
4282 8
4283 7
4284 9
4285 10
4286 12
4287 12
4288 11
4289 3
4290 7
4291 11
4292 7
4293 7
4294 18
4295 11
4296 6
4297 12
4298 11
4299 10
4300 13
4301 8
4302 8
4303 7
4304 11
4305 8
4306 14
4307 11
4308 9
4309 9
4310 10
4311 14
4312 8
4313 10
4314 10
4315 11
4316 16
4317 10
4318 10
4319 13
4320 11
4321 17
4322 6
4323 12
4324 11
4325 13
4326 14
4327 8
4328 9
4329 11
4330 10
4331 10
4332 12
4333 7
4334 8
4335 8
4336 10
4337 8
4338 7
4339 10
4340 11
4341 10
4342 6
4343 15
4344 13
4345 5
4346 9
4347 5
4348 8
4349 10
4350 10
4351 12
4352 14
4353 13
4354 12
4355 7
4356 8
4357 16
4358 8
4359 3
4360 15
4361 16
4362 8
4363 13
4364 12
4365 5
4366 14
4367 9
4368 8
4369 12
4370 10
4371 12
4372 10
4373 11
4374 6
4375 16
4376 13
4377 13
4378 11
4379 8
4380 13
4381 11
4382 7
4383 6
4384 10
4385 16
4386 10
4387 6
4388 7
4389 10
4390 10
4391 12
4392 8
4393 13
4394 9
4395 8
4396 11
4397 17
4398 13
4399 15
4400 8
4401 8
4402 10
4403 10
4404 7
4405 11
4406 10
4407 10
4408 9
4409 10
4410 8
4411 11
4412 8
4413 8
4414 11
4415 10
4416 5
4417 12
4418 12
4419 10
4420 15
4421 6
4422 4
4423 5
4424 12
4425 8
4426 12
4427 10
4428 4
4429 13
4430 19
4431 16
4432 9
4433 9
4434 9
4435 16
4436 13
4437 10
4438 15
4439 17
4440 10
4441 6
4442 17
4443 7
4444 6
4445 12
4446 9
4447 6
4448 12
4449 7
4450 9
4451 12
4452 14
4453 8
4454 10
4455 5
4456 6
4457 5
4458 8
4459 10
4460 5
4461 13
4462 7
4463 17
4464 9
4465 11
4466 15
4467 11
4468 6
4469 5
4470 15
4471 13
4472 10
4473 5
4474 7
4475 15
4476 13
4477 13
4478 6
4479 15
4480 8
4481 8
4482 7
4483 7
4484 13
4485 10
4486 5
4487 9
4488 4
4489 4
4490 8
4491 8
4492 9
4493 8
4494 12
4495 7
4496 11
4497 11
4498 5
4499 10
4500 11
4501 9
4502 10
4503 6
4504 9
4505 14
4506 11
4507 9
4508 10
4509 11
4510 8
4511 12
4512 8
4513 12
4514 8
4515 10
4516 11
4517 9
4518 10
4519 7
4520 10
4521 11
4522 14
4523 8
4524 6
4525 13
4526 16
4527 7
4528 5
4529 8
4530 16
4531 7
4532 13
4533 4
4534 11
4535 10
4536 8
4537 4
4538 10
4539 11
4540 10
4541 4
4542 10
4543 4
4544 7
4545 6
4546 8
4547 9
4548 8
4549 7
4550 9
4551 17
4552 7
4553 9
4554 8
4555 12
4556 15
4557 9
4558 10
4559 7
4560 17
4561 9
4562 11
4563 12
4564 9
4565 11
4566 8
4567 11
4568 8
4569 11
4570 7
4571 13
4572 10
4573 12
4574 7
4575 9
4576 10
4577 12
4578 9
4579 12
4580 9
4581 12
4582 7
4583 12
4584 13
4585 6
4586 5
4587 13
4588 12
4589 8
4590 12
4591 16
4592 10
4593 12
4594 6
4595 8
4596 11
4597 9
4598 4
4599 11
4600 15
4601 9
4602 9
4603 14
4604 14
4605 14
4606 11
4607 13
4608 11
4609 8
4610 7
4611 9
4612 14
4613 6
4614 11
4615 10
4616 8
4617 17
4618 12
4619 12
4620 8
4621 6
4622 14
4623 10
4624 13
4625 8
4626 11
4627 8
4628 9
4629 10
4630 11
4631 7
4632 7
4633 6
4634 8
4635 11
4636 11
4637 14
4638 6
4639 11
4640 9
4641 11
4642 17
4643 8
4644 8
4645 9
4646 11
4647 12
4648 14
4649 4
4650 11
4651 7
4652 9
4653 9
4654 9
4655 5
4656 10
4657 10
4658 16
4659 8
4660 8
4661 9
4662 10
4663 15
4664 11
4665 9
4666 11
4667 8
4668 7
4669 8
4670 13
4671 13
4672 6
4673 11
4674 8
4675 11
4676 13
4677 16
4678 7
4679 7
4680 21
4681 13
4682 15
4683 14
4684 7
4685 13
4686 17
4687 10
4688 10
4689 7
4690 10
4691 14
4692 17
4693 8
4694 12
4695 6
4696 12
4697 11
4698 8
4699 9
4700 14
4701 6
4702 6
4703 12
4704 17
4705 13
4706 14
4707 4
4708 5
4709 6
4710 14
4711 8
4712 7
4713 11
4714 11
4715 6
4716 16
4717 22
4718 6
4719 9
4720 9
4721 5
4722 12
4723 11
4724 4
4725 6
4726 11
4727 9
4728 6
4729 7
4730 12
4731 6
4732 17
4733 9
4734 9
4735 12
4736 13
4737 8
4738 15
4739 9
4740 10
4741 8
4742 9
4743 14
4744 12
4745 13
4746 7
4747 8
4748 15
4749 6
4750 18
4751 8
4752 20
4753 12
4754 9
4755 5
4756 8
4757 7
4758 7
4759 7
4760 8
4761 7
4762 14
4763 12
4764 9
4765 11
4766 11
4767 9
4768 6
4769 11
4770 10
4771 14
4772 11
4773 14
4774 5
4775 15
4776 14
4777 15
4778 15
4779 9
4780 10
4781 8
4782 11
4783 7
4784 15
4785 13
4786 13
4787 11
4788 8
4789 9
4790 13
4791 7
4792 13
4793 5
4794 9
4795 9
4796 13
4797 10
4798 15
4799 8
4800 11
4801 16
4802 10
4803 9
4804 7
4805 10
4806 9
4807 7
4808 9
4809 5
4810 10
4811 13
4812 10
4813 15
4814 16
4815 12
4816 9
4817 11
4818 13
4819 4
4820 9
4821 9
4822 7
4823 10
4824 10
4825 8
4826 8
4827 6
4828 7
4829 13
4830 12
4831 9
4832 12
4833 12
4834 8
4835 8
4836 7
4837 7
4838 10
4839 10
4840 12
4841 12
4842 7
4843 8
4844 11
4845 9
4846 11
4847 8
4848 7
4849 10
4850 9
4851 10
4852 11
4853 9
4854 6
4855 12
4856 5
4857 10
4858 11
4859 12
4860 8
4861 9
4862 8
4863 7
4864 7
4865 7
4866 13
4867 9
4868 8
4869 12
4870 7
4871 11
4872 10
4873 11
4874 9
4875 13
4876 11
4877 8
4878 16
4879 14
4880 8
4881 11
4882 8
4883 7
4884 12
4885 13
4886 12
4887 9
4888 10
4889 7
4890 8
4891 15
4892 12
4893 12
4894 15
4895 10
4896 10
4897 4
4898 9
4899 19
4900 9
4901 11
4902 18
4903 11
4904 9
4905 12
4906 15
4907 13
4908 10
4909 6
4910 4
4911 13
4912 8
4913 9
4914 11
4915 21
4916 7
4917 13
4918 7
4919 9
4920 5
4921 13
4922 5
4923 18
4924 9
4925 19
4926 12
4927 8
4928 11
4929 11
4930 5
4931 8
4932 9
4933 9
4934 12
4935 10
4936 11
4937 9
4938 7
4939 10
4940 7
4941 8
4942 15
4943 17
4944 19
4945 7
4946 8
4947 13
4948 13
4949 10
4950 12
4951 14
4952 7
4953 10
4954 12
4955 12
4956 8
4957 7
4958 7
4959 6
4960 8
4961 16
4962 6
4963 11
4964 7
4965 7
4966 6
4967 14
4968 8
4969 4
4970 13
4971 6
4972 24
4973 9
4974 9
4975 9
4976 7
4977 17
4978 11
4979 9
4980 11
4981 9
4982 10
4983 11
4984 11
4985 15
4986 14
4987 4
4988 8
4989 13
4990 16
4991 14
4992 5
4993 6
4994 12
4995 8
4996 5
4997 12
4998 8
4999 6
