0 25
1 23
2 22
3 21
4 18
5 22
6 15
7 17
8 15
9 18
10 16
11 19
12 19
13 22
14 24
15 22
16 15
17 26
18 29
19 28
20 18
21 13
22 17
23 16
24 19
25 27
26 15
27 19
28 14
29 17
30 24
31 28
32 29
33 14
34 20
35 23
36 15
37 23
38 11
39 16
40 19
41 24
42 19
43 18
44 14
45 19
46 21
47 26
48 19
49 12
50 23
51 20
52 21
53 21
54 23
55 24
56 24
57 22
58 31
59 21
60 13
61 26
62 13
63 28
64 17
65 19
66 21
67 24
68 24
69 20
70 18
71 19
72 23
73 24
74 27
75 25
76 21
77 24
78 16
79 21
80 19
81 20
82 26
83 24
84 20
85 19
86 21
87 19
88 24
89 13
90 16
91 12
92 17
93 18
94 17
95 14
96 20
97 25
98 18
99 14
100 6
101 20
102 18
103 15
104 19
105 27
106 17
107 26
108 17
109 26
110 18
111 22
112 21
113 20
114 21
115 20
116 22
117 20
118 21
119 14
120 21
121 15
122 17
123 31
124 17
125 22
126 24
127 22
128 20
129 19
130 17
131 23
132 19
133 25
134 25
135 17
136 19
137 23
138 32
139 19
140 22
141 15
142 24
143 18
144 26
145 18
146 18
147 30
148 16
149 10
150 17
151 21
152 15
153 20
154 22
155 15
156 20
157 22
158 13
159 21
160 25
161 21
162 31
163 20
164 24
165 19
166 28
167 22
168 16
169 20
170 27
171 20
172 22
173 19
174 19
175 18
176 19
177 19
178 19
179 14
180 17
181 18
182 28
183 16
184 23
185 16
186 23
187 15
188 24
189 16
190 20
191 17
192 17
193 21
194 12
195 18
196 14
197 17
198 10
199 15
200 19
201 23
202 25
203 18
204 20
205 30
206 28
207 12
208 20
209 17
210 19
211 16
212 22
213 12
214 17
215 20
216 15
217 13
218 20
219 22
220 23
221 31
222 27
223 24
224 10
225 19
226 15
227 18
228 22
229 12
230 17
231 16
232 27
233 19
234 26
235 24
236 24
237 13
238 15
239 24
240 22
241 23
242 21
243 21
244 18
245 25
246 24
247 20
248 17
249 26
250 17
251 16
252 23
253 12
254 17
255 19
256 15
257 23
258 24
259 24
260 20
261 13
262 25
263 15
264 23
265 19
266 18
267 16
268 22
269 26
270 15
271 19
272 29
273 20
274 14
275 12
276 29
277 25
278 20
279 20
280 19
281 18
282 33
283 20
284 21
285 26
286 29
287 24
288 25
289 22
290 22
291 22
292 34
293 13
294 22
295 20
296 14
297 24
298 14
299 32
300 20
301 17
302 16
303 24
304 25
305 18
306 22
307 19
308 18
309 24
310 20
311 14
312 19
313 19
314 29
315 19
316 21
317 17
318 16
319 19
320 16
321 18
322 14
323 23
324 29
325 21
326 20
327 23
328 13
329 18
330 26
331 19
332 23
333 30
334 21
335 25
336 24
337 32
338 23
339 18
340 19
341 18
342 25
343 16
344 21
345 18
346 22
347 22
348 20
349 16
350 21
351 27
352 23
353 29
354 17
355 17
356 23
357 17
358 22
359 27
360 19
361 17
362 30
363 23
364 17
365 19
366 18
367 21
368 11
369 21
370 22
371 18
372 15
373 13
374 17
375 30
376 26
377 23
378 21
379 23
380 19
381 22
382 16
383 25
384 15
385 22
386 16
387 18
388 16
389 15
390 26
391 15
392 28
393 19
394 17
395 20
396 25
397 20
398 14
399 18
400 16
401 21
402 20
403 13
404 28
405 13
406 12
407 20
408 25
409 19
410 13
411 34
412 16
413 23
414 23
415 11
416 17
417 24
418 28
419 21
420 25
421 24
422 33
423 19
424 27
425 23
426 16
427 25
428 19
429 25
430 20
431 16
432 26
433 19
434 29
435 15
436 16
437 17
438 12
439 27
440 17
441 26
442 16
443 18
444 17
445 21
446 28
447 21
448 32
449 23
450 26
451 22
452 17
453 19
454 19
455 13
456 17
457 19
458 16
459 21
460 18
461 16
462 21
463 10
464 26
465 21
466 22
467 15
468 18
469 26
470 15
471 16
472 26
473 17
474 19
475 14
476 19
477 22
478 20
479 18
480 23
481 18
482 16
483 11
484 22
485 25
486 13
487 15
488 15
489 17
490 30
491 20
492 20
493 17
494 16
495 11
496 17
497 20
498 22
499 16
500 25
501 19
502 24
503 16
504 32
505 19
506 18
507 26
508 22
509 13
510 26
511 20
512 23
513 21
514 20
515 25
516 19
517 17
518 18
519 24
520 23
521 20
522 21
523 18
524 29
525 20
526 18
527 21
528 16
529 20
530 20
531 17
532 22
533 19
534 18
535 11
536 19
537 21
538 19
539 11
540 17
541 19
542 21
543 20
544 14
545 15
546 23
547 12
548 29
549 17
550 17
551 17
552 14
553 14
554 11
555 23
556 12
557 21
558 19
559 15
560 16
561 19
562 24
563 20
564 25
565 22
566 30
567 10
568 17
569 27
570 20
571 20
572 24
573 17
574 16
575 25
576 17
577 29
578 24
579 20
580 28
581 13
582 16
583 17
584 14
585 22
586 23
587 24
588 23
589 19
590 26
591 19
592 16
593 18
594 10
595 26
596 30
597 19
598 21
599 21
600 21
601 19
602 17
603 26
604 15
605 24
606 16
607 21
608 22
609 13
610 21
611 27
612 16
613 22
614 17
615 23
616 23
617 22
618 19
619 12
620 14
621 28
622 22
623 14
624 22
625 20
626 15
627 16
628 17
629 14
630 24
631 11
632 24
633 16
634 20
635 18
636 18
637 26
638 17
639 20
640 23
641 13
642 17
643 23
644 19
645 24
646 25
647 22
648 29
649 30
650 16
651 22
652 23
653 12
654 22
655 20
656 13
657 13
658 19
659 18
660 19
661 21
662 25
663 29
664 20
665 14
666 20
667 23
668 18
669 21
670 19
671 18
672 26
673 22
674 16
675 23
676 18
677 14
678 23
679 15
680 14
681 13
682 16
683 16
684 20
685 18
686 20
687 21
688 20
689 12
690 24
691 23
692 22
693 22
694 25
695 28
696 19
697 20
698 25
699 23
700 22
701 20
702 22
703 18
704 25
705 18
706 18
707 19
708 18
709 17
710 17
711 18
712 21
713 19
714 24
715 25
716 25
717 18
718 18
719 16
720 24
721 19
722 17
723 23
724 15
725 28
726 18
727 17
728 17
729 23
730 19
731 18
732 23
733 18
734 24
735 22
736 18
737 23
738 25
739 16
740 17
741 27
742 21
743 25
744 23
745 21
746 28
747 21
748 13
749 20
750 18
751 25
752 22
753 17
754 18
755 28
756 18
757 16
758 21
759 23
760 19
761 23
762 21
763 24
764 23
765 19
766 16
767 20
768 24
769 13
770 26
771 14
772 27
773 14
774 20
775 15
776 17
777 24
778 9
779 26
780 17
781 19
782 22
783 23
784 18
785 17
786 21
787 18
788 27
789 20
790 24
791 22
792 10
793 22
794 28
795 20
796 20
797 19
798 15
799 19
800 19
801 30
802 16
803 17
804 23
805 23
806 27
807 23
808 17
809 15
810 21
811 19
812 24
813 18
814 27
815 24
816 22
817 23
818 31
819 20
820 21
821 20
822 13
823 21
824 15
825 14
826 22
827 22
828 22
829 22
830 19
831 18
832 28
833 24
834 25
835 15
836 23
837 19
838 25
839 21
840 28
841 25
842 24
843 19
844 19
845 16
846 15
847 18
848 24
849 19
850 27
851 18
852 19
853 16
854 20
855 22
856 19
857 23
858 19
859 24
860 14
861 25
862 18
863 23
864 24
865 17
866 17
867 18
868 23
869 16
870 23
871 19
872 22
873 23
874 18
875 16
876 16
877 21
878 17
879 27
880 26
881 23
882 21
883 20
884 23
885 18
886 22
887 16
888 16
889 25
890 13
891 28
892 15
893 27
894 15
895 21
896 19
897 14
898 27
899 20
900 20
901 21
902 27
903 25
904 21
905 23
906 19
907 25
908 19
909 16
910 18
911 19
912 11
913 26
914 32
915 16
916 18
917 16
918 19
919 19
920 13
921 13
922 22
923 15
924 25
925 16
926 15
927 12
928 21
929 25
930 18
931 23
932 11
933 22
934 22
935 16
936 13
937 21
938 16
939 17
940 16
941 12
942 17
943 15
944 13
945 24
946 20
947 18
948 25
949 19
950 26
951 28
952 20
953 24
954 23
955 23
956 20
957 28
958 16
959 21
960 17
961 19
962 16
963 26
964 26
965 21
966 28
967 20
968 18
969 20
970 13
971 17
972 26
973 13
974 27
975 22
976 17
977 20
978 23
979 21
980 22
981 19
982 16
983 13
984 25
985 27
986 27
987 18
988 32
989 18
990 16
991 12
992 17
993 22
994 23
995 20
996 20
997 25
998 29
999 21
1000 8
1001 16
1002 18
1003 20
1004 27
1005 26
1006 26
1007 15
1008 16
1009 29
1010 23
1011 18
1012 17
1013 12
1014 22
1015 24
1016 15
1017 16
1018 25
1019 19
1020 16
1021 30
1022 20
1023 26
1024 19
1025 23
1026 18
1027 23
1028 21
1029 25
1030 22
1031 20
1032 18
1033 20
1034 16
1035 18
1036 17
1037 24
1038 19
1039 19
1040 18
1041 15
1042 19
1043 20
1044 22
1045 18
1046 24
1047 30
1048 19
1049 21
1050 16
1051 25
1052 20
1053 20
1054 22
1055 26
1056 22
1057 19
1058 18
1059 22
1060 11
1061 21
1062 20
1063 16
1064 19
1065 20
1066 17
1067 18
1068 18
1069 25
1070 18
1071 25
1072 19
1073 22
1074 15
1075 14
1076 24
1077 22
1078 22
1079 19
1080 23
1081 12
1082 18
1083 20
1084 16
1085 19
1086 20
1087 23
1088 14
1089 20
1090 15
1091 21
1092 19
1093 12
1094 16
1095 18
1096 12
1097 13
1098 22
1099 23
1100 14
1101 22
1102 17
1103 22
1104 29
1105 23
1106 12
1107 21
1108 16
1109 16
1110 20
1111 23
1112 29
1113 19
1114 20
1115 17
1116 16
1117 11
1118 17
1119 15
1120 23
1121 17
1122 30
1123 25
1124 22
1125 25
1126 19
1127 14
1128 24
1129 25
1130 19
1131 22
1132 22
1133 16
1134 18
1135 13
1136 15
1137 19
1138 24
1139 18
1140 22
1141 18
1142 23
1143 23
1144 29
1145 26
1146 19
1147 17
1148 20
1149 19
1150 17
1151 22
1152 21
1153 21
1154 16
1155 14
1156 25
1157 30
1158 19
1159 19
1160 17
1161 26
1162 19
1163 23
1164 13
1165 15
1166 23
1167 19
1168 18
1169 20
1170 14
1171 24
1172 16
1173 16
1174 19
1175 20
1176 24
1177 18
1178 12
1179 21
1180 13
1181 20
1182 24
1183 15
1184 14
1185 15
1186 23
1187 19
1188 10
1189 10
1190 21
1191 15
1192 20
1193 26
1194 13
1195 24
1196 18
1197 26
1198 31
1199 23
1200 20
1201 14
1202 23
1203 15
1204 19
1205 29
1206 11
1207 20
1208 24
1209 18
1210 15
1211 20
1212 18
1213 20
1214 23
1215 13
1216 15
1217 19
1218 17
1219 18
1220 22
1221 16
1222 27
1223 27
1224 29
1225 15
1226 20
1227 26
1228 19
1229 13
1230 24
1231 21
1232 16
1233 16
1234 11
1235 13
1236 28
1237 23
1238 19
1239 20
1240 19
1241 14
1242 19
1243 17
1244 21
1245 14
1246 16
1247 18
1248 22
1249 21
1250 24
1251 19
1252 16
1253 21
1254 16
1255 19
1256 22
1257 13
1258 24
1259 13
1260 16
1261 22
1262 26
1263 21
1264 19
1265 25
1266 21
1267 17
1268 15
1269 21
1270 24
1271 20
1272 14
1273 25
1274 24
1275 25
1276 23
1277 26
1278 17
1279 16
1280 18
1281 19
1282 29
1283 17
1284 20
1285 20
1286 29
1287 14
1288 18
1289 19
1290 11
1291 19
1292 11
1293 20
1294 22
1295 20
1296 14
1297 17
1298 14
1299 23
1300 18
1301 19
1302 12
1303 28
1304 22
1305 21
1306 26
1307 31
1308 23
1309 17
1310 20
1311 11
1312 19
1313 16
1314 16
1315 26
1316 17
1317 19
1318 22
1319 25
1320 25
1321 14
1322 16
1323 20
1324 21
1325 24
1326 20
1327 18
1328 16
1329 22
1330 22
1331 18
1332 18
1333 19
1334 20
1335 14
1336 19
1337 11
1338 23
1339 25
1340 21
1341 18
1342 21
1343 17
1344 22
1345 14
1346 14
1347 14
1348 20
1349 19
1350 24
1351 16
1352 11
1353 16
1354 17
1355 25
1356 18
1357 21
1358 21
1359 18
1360 16
1361 22
1362 12
1363 21
1364 28
1365 23
1366 29
1367 23
1368 20
1369 16
1370 15
1371 20
1372 20
1373 24
1374 24
1375 18
1376 17
1377 20
1378 9
1379 22
1380 21
1381 14
1382 15
1383 24
1384 24
1385 28
1386 18
1387 13
1388 24
1389 24
1390 18
1391 16
1392 22
1393 23
1394 16
1395 20
1396 14
1397 23
1398 16
1399 17
1400 23
1401 18
1402 21
1403 12
1404 18
1405 15
1406 16
1407 13
1408 20
1409 23
1410 18
1411 20
1412 19
1413 22
1414 22
1415 24
1416 22
1417 23
1418 24
1419 33
1420 24
1421 22
1422 18
1423 18
1424 21
1425 14
1426 21
1427 20
1428 27
1429 30
1430 20
1431 22
1432 23
1433 27
1434 27
1435 19
1436 17
1437 23
1438 19
1439 19
1440 23
1441 20
1442 18
1443 17
1444 19
1445 20
1446 17
1447 19
1448 22
1449 16
1450 19
1451 14
1452 22
1453 19
1454 22
1455 26
1456 26
1457 18
1458 16
1459 11
1460 16
1461 18
1462 30
1463 17
1464 14
1465 23
1466 20
1467 29
1468 22
1469 16
1470 17
1471 29
1472 25
1473 10
1474 22
1475 24
1476 19
1477 22
1478 21
1479 13
1480 19
1481 24
1482 14
1483 14
1484 21
1485 13
1486 21
1487 21
1488 16
1489 27
1490 24
1491 16
1492 14
1493 22
1494 24
1495 13
1496 17
1497 19
1498 21
1499 20
1500 16
1501 20
1502 18
1503 17
1504 27
1505 25
1506 19
1507 24
1508 20
1509 22
1510 20
1511 21
1512 23
1513 21
1514 28
1515 28
1516 24
1517 16
1518 24
1519 20
1520 17
1521 27
1522 24
1523 26
1524 25
1525 24
1526 21
1527 19
1528 21
1529 19
1530 27
1531 21
1532 15
1533 17
1534 22
1535 23
1536 26
1537 25
1538 33
1539 13
1540 21
1541 21
1542 21
1543 19
1544 18
1545 17
1546 14
1547 17
1548 19
1549 37
1550 15
1551 18
1552 27
1553 12
1554 25
1555 21
1556 16
1557 17
1558 18
1559 10
1560 17
1561 23
1562 24
1563 5
1564 13
1565 17
1566 23
1567 11
1568 17
1569 25
1570 21
1571 23
1572 17
1573 21
1574 29
1575 18
1576 25
1577 19
1578 18
1579 24
1580 16
1581 17
1582 15
1583 21
1584 32
1585 23
1586 25
1587 24
1588 13
1589 29
1590 26
1591 19
1592 16
1593 17
1594 19
1595 17
1596 24
1597 12
1598 18
1599 15
1600 25
1601 17
1602 20
1603 7
1604 22
1605 26
1606 17
1607 23
1608 34
1609 21
1610 29
1611 22
1612 20
1613 21
1614 21
1615 23
1616 25
1617 18
1618 19
1619 21
1620 21
1621 28
1622 16
1623 23
1624 20
1625 19
1626 21
1627 24
1628 19
1629 21
1630 15
1631 13
1632 19
1633 24
1634 20
1635 20
1636 25
1637 11
1638 27
1639 19
1640 13
1641 25
1642 16
1643 18
1644 31
1645 14
1646 16
1647 22
1648 23
1649 15
1650 22
1651 24
1652 26
1653 19
1654 20
1655 15
1656 22
1657 25
1658 17
1659 17
1660 24
1661 26
1662 20
1663 17
1664 19
1665 13
1666 16
1667 19
1668 19
1669 25
1670 23
1671 22
1672 24
1673 22
1674 21
1675 23
1676 22
1677 36
1678 18
1679 18
1680 22
1681 22
1682 18
1683 17
1684 30
1685 20
1686 26
1687 25
1688 15
1689 14
1690 21
1691 19
1692 13
1693 20
1694 27
1695 15
1696 20
1697 25
1698 18
1699 21
1700 16
1701 29
1702 23
1703 24
1704 19
1705 27
1706 17
1707 24
1708 16
1709 18
1710 14
1711 14
1712 21
1713 16
1714 23
1715 12
1716 19
1717 17
1718 14
1719 15
1720 19
1721 17
1722 20
1723 26
1724 26
1725 22
1726 23
1727 14
1728 19
1729 19
1730 36
1731 23
1732 20
1733 17
1734 17
1735 32
1736 21
1737 18
1738 15
1739 16
1740 21
1741 20
1742 21
1743 21
1744 26
1745 20
1746 29
1747 16
1748 21
1749 20
1750 18
1751 20
1752 22
1753 21
1754 18
1755 18
1756 13
1757 20
1758 17
1759 21
1760 21
1761 22
1762 21
1763 19
1764 21
1765 22
1766 21
1767 24
1768 24
1769 21
1770 20
1771 19
1772 16
1773 20
1774 26
1775 22
1776 22
1777 20
1778 16
1779 19
1780 26
1781 21
1782 23
1783 20
1784 25
1785 23
1786 20
1787 11
1788 16
1789 20
1790 25
1791 21
1792 19
1793 21
1794 21
1795 10
1796 23
1797 21
1798 18
1799 16
1800 16
1801 22
1802 22
1803 26
1804 19
1805 14
1806 20
1807 17
1808 24
1809 15
1810 26
1811 16
1812 20
1813 20
1814 15
1815 14
1816 22
1817 24
1818 21
1819 23
1820 14
1821 19
1822 12
1823 20
1824 16
1825 28
1826 21
1827 17
1828 23
1829 17
1830 31
1831 19
1832 22
1833 16
1834 18
1835 8
1836 18
1837 17
1838 16
1839 19
1840 18
1841 26
1842 24
1843 20
1844 24
1845 21
1846 22
1847 22
1848 23
1849 20
1850 26
1851 14
1852 11
1853 29
1854 20
1855 15
1856 25
1857 22
1858 19
1859 16
1860 13
1861 21
1862 21
1863 23
1864 19
1865 16
1866 16
1867 19
1868 18
1869 24
1870 23
1871 16
1872 10
1873 30
1874 17
1875 20
1876 24
1877 26
1878 17
1879 25
1880 24
1881 12
1882 12
1883 25
1884 20
1885 22
1886 20
1887 26
1888 18
1889 8
1890 32
1891 21
1892 24
1893 22
1894 14
1895 21
1896 13
1897 18
1898 26
1899 24
1900 22
1901 30
1902 27
1903 24
1904 18
1905 17
1906 24
1907 19
1908 30
1909 22
1910 22
1911 15
1912 19
1913 26
1914 21
1915 20
1916 25
1917 22
1918 22
1919 20
1920 23
1921 13
1922 20
1923 16
1924 16
1925 22
1926 25
1927 17
1928 23
1929 17
1930 24
1931 28
1932 19
1933 19
1934 25
1935 24
1936 27
1937 18
1938 18
1939 21
1940 18
1941 16
1942 12
1943 22
1944 15
1945 16
1946 14
1947 20
1948 20
1949 19
1950 23
1951 16
1952 20
1953 17
1954 24
1955 22
1956 19
1957 18
1958 19
1959 20
1960 25
1961 19
1962 9
1963 22
1964 23
1965 20
1966 15
1967 20
1968 24
1969 19
1970 16
1971 24
1972 19
1973 18
1974 22
1975 27
1976 26
1977 19
1978 12
1979 20
1980 21
1981 25
1982 22
1983 19
1984 17
1985 19
1986 18
1987 24
1988 12
1989 17
1990 21
1991 22
1992 18
1993 23
1994 22
1995 24
1996 26
1997 22
1998 21
1999 23
2000 20
2001 19
2002 26
2003 20
2004 26
2005 13
2006 18
2007 16
2008 20
2009 15
2010 14
2011 14
2012 36
2013 21
2014 21
2015 17
2016 25
2017 13
2018 26
2019 19
2020 17
2021 24
2022 16
2023 22
2024 22
2025 23
2026 23
2027 15
2028 18
2029 25
2030 19
2031 15
2032 19
2033 19
2034 13
2035 23
2036 19
2037 16
2038 17
2039 24
2040 18
2041 26
2042 12
2043 23
2044 21
2045 20
2046 22
2047 20
2048 15
2049 24
2050 22
2051 12
2052 16
2053 13
2054 13
2055 20
2056 21
2057 29
2058 16
2059 17
2060 27
2061 22
2062 20
2063 19
2064 14
2065 20
2066 23
2067 20
2068 22
2069 20
2070 14
2071 19
2072 30
2073 24
2074 33
2075 20
2076 21
2077 23
2078 28
2079 27
2080 22
2081 17
2082 20
2083 18
2084 17
2085 23
2086 18
2087 24
2088 26
2089 15
2090 21
2091 23
2092 19
2093 16
2094 25
2095 14
2096 16
2097 10
2098 16
2099 26
2100 17
2101 16
2102 19
2103 20
2104 21
2105 20
2106 21
2107 14
2108 22
2109 16
2110 20
2111 32
2112 25
2113 14
2114 21
2115 21
2116 9
2117 16
2118 24
2119 15
2120 26
2121 23
2122 24
2123 17
2124 24
2125 17
2126 19
2127 12
2128 22
2129 12
2130 25
2131 17
2132 15
2133 13
2134 26
2135 22
2136 17
2137 12
2138 20
2139 22
2140 24
2141 17
2142 18
2143 26
2144 22
2145 20
2146 28
2147 25
2148 23
2149 26
2150 18
2151 20
2152 20
2153 21
2154 27
2155 15
2156 17
2157 25
2158 15
2159 27
2160 16
2161 14
2162 18
2163 19
2164 20
2165 18
2166 11
2167 14
2168 25
2169 18
2170 17
2171 22
2172 17
2173 19
2174 16
2175 18
2176 18
2177 24
2178 17
2179 24
2180 6
2181 17
2182 29
2183 20
2184 19
2185 17
2186 17
2187 28
2188 16
2189 23
2190 23
2191 23
2192 20
2193 13
2194 22
2195 22
2196 15
2197 17
2198 21
2199 23
2200 17
2201 13
2202 23
2203 19
2204 23
2205 13
2206 27
2207 19
2208 18
2209 25
2210 16
2211 16
2212 16
2213 25
2214 24
2215 15
2216 12
2217 27
2218 13
2219 25
2220 20
2221 17
2222 17
2223 18
2224 17
2225 16
2226 23
2227 27
2228 23
2229 18
2230 15
2231 27
2232 19
2233 21
2234 19
2235 27
2236 23
2237 24
2238 24
2239 21
2240 19
2241 25
2242 13
2243 20
2244 22
2245 10
2246 15
2247 23
2248 22
2249 17
2250 18
2251 18
2252 24
2253 20
2254 25
2255 24
2256 17
2257 12
2258 30
2259 19
2260 17
2261 27
2262 18
2263 24
2264 20
2265 19
2266 28
2267 14
2268 18
2269 20
2270 14
2271 19
2272 16
2273 15
2274 18
2275 18
2276 22
2277 17
2278 17
2279 25
2280 20
2281 27
2282 33
2283 14
2284 18
2285 23
2286 20
2287 24
2288 17
2289 30
2290 19
2291 22
2292 24
2293 24
2294 23
2295 20
2296 13
2297 19
2298 16
2299 22
2300 20
2301 17
2302 15
2303 27
2304 28
2305 26
2306 15
2307 21
2308 21
2309 20
2310 12
2311 10
2312 19
2313 14
2314 19
2315 24
2316 21
2317 29
2318 18
2319 18
2320 20
2321 24
2322 15
2323 21
2324 20
2325 15
2326 19
2327 18
2328 15
2329 16
2330 14
2331 22
2332 16
2333 20
2334 13
2335 21
2336 14
2337 18
2338 18
2339 21
2340 22
2341 25
2342 20
2343 26
2344 13
2345 13
2346 25
2347 31
2348 17
2349 20
2350 15
2351 22
2352 21
2353 20
2354 25
2355 22
2356 19
2357 17
2358 16
2359 21
2360 23
2361 28
2362 16
2363 19
2364 21
2365 21
2366 20
2367 25
2368 20
2369 29
2370 27
2371 25
2372 21
2373 19
2374 23
2375 18
2376 18
2377 14
2378 19
2379 16
2380 21
2381 25
2382 18
2383 15
2384 18
2385 20
2386 19
2387 18
2388 17
2389 16
2390 17
2391 17
2392 21
2393 16
2394 15
2395 13
2396 16
2397 16
2398 19
2399 24
2400 14
2401 17
2402 16
2403 20
2404 27
2405 23
2406 19
2407 24
2408 20
2409 21
2410 15
2411 21
2412 16
2413 20
2414 26
2415 23
2416 26
2417 20
2418 17
2419 18
2420 15
2421 18
2422 28
2423 19
2424 10
2425 22
2426 24
2427 20
2428 20
2429 19
2430 25
2431 25
2432 14
2433 12
2434 20
2435 21
2436 11
2437 17
2438 24
2439 20
2440 19
2441 20
2442 19
2443 24
2444 13
2445 18
2446 19
2447 13
2448 18
2449 20
2450 14
2451 22
2452 21
2453 24
2454 20
2455 16
2456 15
2457 19
2458 22
2459 18
2460 28
2461 30
2462 20
2463 22
2464 19
2465 19
2466 11
2467 21
2468 17
2469 20
2470 18
2471 13
2472 26
2473 20
2474 26
2475 26
2476 13
2477 21
2478 27
2479 19
2480 20
2481 15
2482 23
2483 19
2484 12
2485 24
2486 19
2487 22
2488 19
2489 19
2490 25
2491 20
2492 18
2493 24
2494 17
2495 15
2496 22
2497 21
2498 18
2499 17
2500 20
2501 18
2502 22
2503 21
2504 15
2505 22
2506 27
2507 19
2508 16
2509 17
2510 15
2511 21
2512 19
2513 17
2514 25
2515 23
2516 21
2517 16
2518 14
2519 16
2520 12
2521 14
2522 24
2523 19
2524 22
2525 23
2526 26
2527 17
2528 20
2529 20
2530 19
2531 15
2532 23
2533 20
2534 22
2535 13
2536 19
2537 17
2538 23
2539 18
2540 24
2541 17
2542 17
2543 19
2544 22
2545 19
2546 17
2547 20
2548 20
2549 13
2550 25
2551 19
2552 17
2553 24
2554 24
2555 16
2556 21
2557 20
2558 17
2559 23
2560 11
2561 16
2562 19
2563 12
2564 21
2565 17
2566 32
2567 18
2568 19
2569 20
2570 25
2571 19
2572 15
2573 21
2574 14
2575 26
2576 14
2577 28
2578 20
2579 16
2580 22
2581 22
2582 19
2583 23
2584 21
2585 17
2586 18
2587 16
2588 16
2589 27
2590 19
2591 25
2592 19
2593 14
2594 30
2595 22
2596 29
2597 26
2598 17
2599 22
2600 22
2601 16
2602 17
2603 17
2604 21
2605 16
2606 23
2607 31
2608 19
2609 22
2610 19
2611 16
2612 25
2613 15
2614 22
2615 14
2616 20
2617 20
2618 16
2619 24
2620 16
2621 21
2622 22
2623 27
2624 22
2625 17
2626 15
2627 26
2628 17
2629 25
2630 17
2631 19
2632 14
2633 16
2634 14
2635 27
2636 19
2637 24
2638 13
2639 22
2640 9
2641 32
2642 17
2643 16
2644 18
2645 19
2646 27
2647 13
2648 19
2649 25
2650 22
2651 21
2652 23
2653 18
2654 28
2655 19
2656 25
2657 20
2658 22
2659 19
2660 17
2661 17
2662 11
2663 22
2664 26
2665 14
2666 11
2667 19
2668 19
2669 16
2670 22
2671 11
2672 20
2673 23
2674 21
2675 20
2676 27
2677 21
2678 27
2679 22
2680 21
2681 32
2682 24
2683 18
2684 22
2685 22
2686 14
2687 23
2688 24
2689 21
2690 33
2691 26
2692 27
2693 18
2694 17
2695 22
2696 21
2697 29
2698 24
2699 16
2700 12
2701 15
2702 25
2703 24
2704 15
2705 21
2706 20
2707 16
2708 15
2709 17
2710 27
2711 19
2712 16
2713 19
2714 27
2715 20
2716 15
2717 17
2718 26
2719 21
2720 19
2721 22
2722 15
2723 20
2724 16
2725 23
2726 19
2727 24
2728 25
2729 20
2730 19
2731 17
2732 29
2733 19
2734 15
2735 28
2736 22
2737 28
2738 19
2739 24
2740 14
2741 22
2742 28
2743 18
2744 23
2745 19
2746 17
2747 22
2748 17
2749 21
2750 23
2751 22
2752 15
2753 22
2754 22
2755 24
2756 26
2757 13
2758 27
2759 18
2760 16
2761 21
2762 24
2763 16
2764 15
2765 13
2766 23
2767 20
2768 10
2769 27
2770 21
2771 14
2772 26
2773 20
2774 24
2775 22
2776 19
2777 25
2778 13
2779 19
2780 24
2781 21
2782 17
2783 26
2784 29
2785 21
2786 16
2787 19
2788 21
2789 25
2790 14
2791 18
2792 23
2793 28
2794 18
2795 18
2796 25
2797 17
2798 22
2799 25
2800 12
2801 27
2802 22
2803 17
2804 17
2805 19
2806 19
2807 23
2808 22
2809 17
2810 20
2811 21
2812 29
2813 13
2814 14
2815 18
2816 14
2817 14
2818 24
2819 19
2820 20
2821 25
2822 22
2823 22
2824 27
2825 18
2826 26
2827 20
2828 12
2829 22
2830 16
2831 25
2832 17
2833 19
2834 23
2835 18
2836 20
2837 31
2838 23
2839 17
2840 18
2841 21
2842 13
2843 21
2844 19
2845 19
2846 16
2847 23
2848 24
2849 20
2850 24
2851 19
2852 20
2853 14
2854 22
2855 24
2856 18
2857 23
2858 26
2859 21
2860 19
2861 15
2862 25
2863 21
2864 20
2865 18
2866 29
2867 26
2868 19
2869 16
2870 15
2871 21
2872 26
2873 22
2874 17
2875 22
2876 21
2877 19
2878 15
2879 17
2880 20
2881 20
2882 27
2883 24
2884 19
2885 19
2886 24
2887 13
2888 19
2889 18
2890 16
2891 23
2892 21
2893 18
2894 15
2895 15
2896 21
2897 28
2898 16
2899 22
2900 27
2901 21
2902 19
2903 24
2904 24
2905 17
2906 22
2907 21
2908 20
2909 14
2910 13
2911 20
2912 21
2913 24
2914 20
2915 17
2916 16
2917 19
2918 14
2919 18
2920 16
2921 12
2922 19
2923 19
2924 14
2925 15
2926 17
2927 14
2928 19
2929 18
2930 18
2931 15
2932 17
2933 16
2934 11
2935 27
2936 20
2937 15
2938 18
2939 17
2940 21
2941 17
2942 19
2943 20
2944 15
2945 20
2946 23
2947 25
2948 24
2949 20
2950 27
2951 15
2952 18
2953 26
2954 18
2955 25
2956 22
2957 15
2958 16
2959 22
2960 18
2961 30
2962 19
2963 28
2964 22
2965 20
2966 17
2967 15
2968 18
2969 27
2970 27
2971 27
2972 28
2973 21
2974 18
2975 15
2976 28
2977 14
2978 11
2979 22
2980 16
2981 18
2982 16
2983 20
2984 23
2985 17
2986 17
2987 22
2988 18
2989 27
2990 22
2991 36
2992 15
2993 15
2994 20
2995 11
2996 22
2997 14
2998 24
2999 22
3000 14
3001 21
3002 25
3003 23
3004 18
3005 19
3006 19
3007 15
3008 28
3009 19
3010 25
3011 24
3012 17
3013 15
3014 22
3015 17
3016 25
3017 24
3018 18
3019 24
3020 21
3021 19
3022 18
3023 13
3024 16
3025 24
3026 32
3027 19
3028 26
3029 26
3030 15
3031 16
3032 17
3033 20
3034 24
3035 14
3036 20
3037 22
3038 17
3039 22
3040 15
3041 20
3042 20
3043 20
3044 20
3045 22
3046 28
3047 24
3048 20
3049 26
3050 12
3051 15
3052 17
3053 17
3054 21
3055 19
3056 25
3057 21
3058 22
3059 27
3060 15
3061 20
3062 21
3063 24
3064 26
3065 19
3066 17
3067 12
3068 16
3069 23
3070 16
3071 19
3072 20
3073 16
3074 21
3075 16
3076 24
3077 17
3078 23
3079 15
3080 15
3081 24
3082 22
3083 16
3084 15
3085 17
3086 16
3087 14
3088 23
3089 29
3090 14
3091 16
3092 32
3093 18
3094 15
3095 15
3096 18
3097 18
3098 16
3099 16
3100 19
3101 19
3102 18
3103 17
3104 26
3105 13
3106 21
3107 18
3108 17
3109 18
3110 25
3111 14
3112 19
3113 17
3114 23
3115 25
3116 16
3117 17
3118 21
3119 15
3120 20
3121 20
3122 26
3123 20
3124 20
3125 25
3126 21
3127 7
3128 19
3129 21
3130 14
3131 19
3132 22
3133 15
3134 10
3135 25
3136 19
3137 19
3138 12
3139 25
3140 16
3141 15
3142 19
3143 29
3144 19
3145 24
3146 15
3147 19
3148 21
3149 20
3150 18
3151 14
3152 14
3153 19
3154 18
3155 19
3156 20
3157 27
3158 18
3159 23
3160 19
3161 17
3162 25
3163 28
3164 23
3165 19
3166 17
3167 24
3168 17
3169 22
3170 22
3171 21
3172 13
3173 26
3174 15
3175 20
3176 20
3177 13
3178 20
3179 17
3180 27
3181 20
3182 16
3183 21
3184 13
3185 20
3186 17
3187 20
3188 24
3189 24
3190 18
3191 23
3192 19
3193 14
3194 19
3195 28
3196 22
3197 19
3198 20
3199 23
3200 21
3201 14
3202 28
3203 24
3204 15
3205 22
3206 23
3207 19
3208 19
3209 15
3210 18
3211 22
3212 23
3213 16
3214 20
3215 24
3216 19
3217 15
3218 20
3219 25
3220 19
3221 22
3222 19
3223 24
3224 21
3225 21
3226 16
3227 18
3228 17
3229 16
3230 27
3231 28
3232 20
3233 14
3234 24
3235 19
3236 19
3237 19
3238 21
3239 20
3240 18
3241 16
3242 12
3243 22
3244 17
3245 16
3246 15
3247 31
3248 11
3249 26
3250 25
3251 27
3252 18
3253 15
3254 23
3255 13
3256 19
3257 19
3258 17
3259 27
3260 16
3261 22
3262 21
3263 25
3264 29
3265 21
3266 18
3267 22
3268 25
3269 21
3270 24
3271 14
3272 16
3273 32
3274 25
3275 15
3276 15
3277 23
3278 14
3279 17
3280 21
3281 17
3282 14
3283 21
3284 17
3285 18
3286 23
3287 15
3288 16
3289 28
3290 20
3291 22
3292 24
3293 19
3294 16
3295 24
3296 25
3297 24
3298 18
3299 20
3300 19
3301 25
3302 21
3303 19
3304 24
3305 19
3306 22
3307 20
3308 26
3309 25
3310 23
3311 17
3312 18
3313 22
3314 24
3315 17
3316 22
3317 13
3318 23
3319 19
3320 27
3321 20
3322 20
3323 15
3324 17
3325 21
3326 19
3327 24
3328 28
3329 27
3330 16
3331 18
3332 15
3333 17
3334 18
3335 19
3336 15
3337 23
3338 23
3339 18
3340 20
3341 16
3342 20
3343 15
3344 23
3345 15
3346 15
3347 15
3348 16
3349 25
3350 23
3351 20
3352 24
3353 18
3354 21
3355 22
3356 14
3357 15
3358 15
3359 13
3360 15
3361 22
3362 25
3363 19
3364 33
3365 16
3366 20
3367 22
3368 22
3369 28
3370 22
3371 25
3372 11
3373 18
3374 16
3375 22
3376 22
3377 16
3378 32
3379 21
3380 15
3381 27
3382 11
3383 23
3384 22
3385 22
3386 19
3387 22
3388 28
3389 23
3390 22
3391 16
3392 18
3393 18
3394 19
3395 19
3396 21
3397 19
3398 20
3399 14
3400 20
3401 23
3402 27
3403 20
3404 23
3405 26
3406 19
3407 30
3408 25
3409 27
3410 24
3411 17
3412 19
3413 29
3414 16
3415 21
3416 31
3417 16
3418 20
3419 13
3420 22
3421 15
3422 15
3423 19
3424 18
3425 18
3426 20
3427 18
3428 22
3429 20
3430 14
3431 21
3432 21
3433 13
3434 23
3435 15
3436 24
3437 18
3438 15
3439 22
3440 23
3441 17
3442 16
3443 23
3444 19
3445 13
3446 21
3447 27
3448 19
3449 30
3450 20
3451 29
3452 23
3453 22
3454 25
3455 18
3456 15
3457 23
3458 12
3459 21
3460 15
3461 17
3462 25
3463 20
3464 13
3465 15
3466 8
3467 18
3468 21
3469 22
3470 21
3471 22
3472 16
3473 21
3474 22
3475 19
3476 26
3477 24
3478 19
3479 14
3480 21
3481 19
3482 18
3483 27
3484 17
3485 17
3486 20
3487 16
3488 18
3489 23
3490 19
3491 18
3492 26
3493 21
3494 22
3495 18
3496 18
3497 13
3498 25
3499 26
3500 17
3501 25
3502 18
3503 25
3504 15
3505 17
3506 12
3507 20
3508 18
3509 23
3510 24
3511 22
3512 15
3513 22
3514 16
3515 17
3516 23
3517 21
3518 18
3519 20
3520 14
3521 20
3522 17
3523 21
3524 20
3525 22
3526 22
3527 28
3528 28
3529 20
3530 13
3531 20
3532 21
3533 33
3534 17
3535 16
3536 19
3537 19
3538 22
3539 18
3540 24
3541 24
3542 17
3543 15
3544 27
3545 20
3546 20
3547 26
3548 22
3549 26
3550 18
3551 33
3552 14
3553 21
3554 20
3555 15
3556 21
3557 15
3558 24
3559 20
3560 21
3561 24
3562 23
3563 20
3564 17
3565 21
3566 20
3567 17
3568 10
3569 20
3570 12
3571 22
3572 23
3573 20
3574 16
3575 21
3576 19
3577 15
3578 17
3579 12
3580 24
3581 18
3582 18
3583 14
3584 18
3585 16
3586 17
3587 21
3588 28
3589 20
3590 21
3591 13
3592 16
3593 20
3594 22
3595 19
3596 14
3597 20
3598 15
3599 26
3600 25
3601 19
3602 15
3603 15
3604 22
3605 20
3606 15
3607 16
3608 18
3609 26
3610 16
3611 20
3612 24
3613 22
3614 17
3615 16
3616 25
3617 25
3618 19
3619 19
3620 22
3621 20
3622 16
3623 20
3624 21
3625 16
3626 20
3627 19
3628 15
3629 19
3630 20
3631 25
3632 26
3633 17
3634 25
3635 20
3636 26
3637 21
3638 24
3639 25
3640 19
3641 26
3642 24
3643 19
3644 24
3645 20
3646 24
3647 17
3648 19
3649 14
3650 23
3651 18
3652 21
3653 18
3654 20
3655 17
3656 26
3657 15
3658 18
3659 17
3660 15
3661 22
3662 23
3663 21
3664 16
3665 13
3666 26
3667 20
3668 22
3669 20
3670 13
3671 17
3672 26
3673 12
3674 20
3675 23
3676 19
3677 27
3678 18
3679 33
3680 26
3681 17
3682 11
3683 17
3684 25
3685 17
3686 17
3687 29
3688 22
3689 18
3690 18
3691 20
3692 25
3693 22
3694 18
3695 20
3696 21
3697 17
3698 17
3699 18
3700 22
3701 15
3702 20
3703 25
3704 21
3705 23
3706 25
3707 20
3708 23
3709 19
3710 17
3711 16
3712 19
3713 22
3714 22
3715 12
3716 32
3717 28
3718 20
3719 26
3720 21
3721 21
3722 14
3723 19
3724 23
3725 17
3726 13
3727 27
3728 20
3729 15
3730 24
3731 24
3732 21
3733 16
3734 21
3735 15
3736 17
3737 24
3738 17
3739 18
3740 17
3741 15
3742 19
3743 22
3744 25
3745 26
3746 19
3747 15
3748 20
3749 21
3750 21
3751 15
3752 16
3753 27
3754 24
3755 15
3756 22
3757 22
3758 23
3759 21
3760 24
3761 18
3762 18
3763 16
3764 15
3765 14
3766 19
3767 16
3768 22
3769 24
3770 14
3771 20
3772 22
3773 23
3774 24
3775 16
3776 18
3777 25
3778 18
3779 30
3780 13
3781 19
3782 23
3783 20
3784 23
3785 24
3786 17
3787 22
3788 20
3789 23
3790 11
3791 18
3792 21
3793 22
3794 27
3795 23
3796 17
3797 16
3798 23
3799 20
3800 16
3801 18
3802 27
3803 18
3804 21
3805 19
3806 24
3807 20
3808 30
3809 29
3810 27
3811 34
3812 27
3813 20
3814 21
3815 14
3816 17
3817 13
3818 20
3819 26
3820 25
3821 20
3822 19
3823 14
3824 19
3825 26
3826 29
3827 21
3828 21
3829 11
3830 18
3831 22
3832 16
3833 18
3834 27
3835 19
3836 22
3837 20
3838 17
3839 21
3840 24
3841 24
3842 20
3843 27
3844 16
3845 12
3846 18
3847 20
3848 24
3849 19
3850 20
3851 18
3852 25
3853 17
3854 32
3855 18
3856 24
3857 20
3858 27
3859 22
3860 20
3861 23
3862 22
3863 19
3864 18
3865 21
3866 21
3867 17
3868 18
3869 24
3870 14
3871 23
3872 23
3873 24
3874 19
3875 21
3876 14
3877 18
3878 16
3879 19
3880 17
3881 10
3882 16
3883 19
3884 14
3885 15
3886 20
3887 15
3888 24
3889 25
3890 16
3891 14
3892 30
3893 21
3894 29
3895 16
3896 14
3897 17
3898 18
3899 19
3900 24
3901 16
3902 21
3903 17
3904 19
3905 17
3906 24
3907 13
3908 22
3909 20
3910 15
3911 18
3912 31
3913 16
3914 18
3915 15
3916 20
3917 19
3918 21
3919 20
3920 22
3921 18
3922 22
3923 24
3924 21
3925 15
3926 23
3927 18
3928 28
3929 30
3930 19
3931 29
3932 21
3933 20
3934 17
3935 16
3936 19
3937 26
3938 11
3939 27
3940 20
3941 14
3942 19
3943 18
3944 21
3945 22
3946 20
3947 20
3948 23
3949 21
3950 22
3951 17
3952 21
3953 25
3954 19
3955 34
3956 25
3957 24
3958 21
3959 14
3960 19
3961 18
3962 18
3963 20
3964 23
3965 27
3966 17
3967 22
3968 25
3969 15
3970 26
3971 17
3972 20
3973 22
3974 20
3975 23
3976 18
3977 19
3978 15
3979 24
3980 20
3981 14
3982 26
3983 15
3984 20
3985 18
3986 27
3987 17
3988 23
3989 28
3990 22
3991 19
3992 22
3993 23
3994 18
3995 20
3996 19
3997 30
3998 20
3999 20
4000 24
4001 15
4002 20
4003 16
4004 23
4005 21
4006 21
4007 17
4008 20
4009 19
4010 18
4011 19
4012 16
4013 21
4014 19
4015 18
4016 22
4017 19
4018 23
4019 20
4020 16
4021 23
4022 19
4023 24
4024 23
4025 15
4026 12
4027 27
4028 19
4029 14
4030 17
4031 18
4032 25
4033 24
4034 31
4035 21
4036 19
4037 23
4038 19
4039 12
4040 22
4041 18
4042 23
4043 18
4044 24
4045 19
4046 20
4047 21
4048 21
4049 26
4050 16
4051 22
4052 23
4053 18
4054 22
4055 17
4056 19
4057 21
4058 23
4059 15
4060 22
4061 16
4062 21
4063 22
4064 18
4065 16
4066 18
4067 25
4068 19
4069 24
4070 23
4071 27
4072 13
4073 19
4074 21
4075 21
4076 19
4077 25
4078 16
4079 20
4080 17
4081 19
4082 17
4083 20
4084 20
4085 25
4086 19
4087 20
4088 15
4089 21
4090 22
4091 20
4092 19
4093 27
4094 15
4095 24
4096 17
4097 17
4098 19
4099 16
4100 15
4101 11
4102 15
4103 22
4104 17
4105 16
4106 11
4107 22
4108 18
4109 25
4110 17
4111 19
4112 21
4113 26
4114 18
4115 18
4116 25
4117 15
4118 11
4119 21
4120 17
4121 23
4122 20
4123 26
4124 32
4125 10
4126 12
4127 17
4128 16
4129 16
4130 13
4131 21
4132 17
4133 24
4134 18
4135 19
4136 23
4137 24
4138 20
4139 19
4140 13
4141 23
4142 20
4143 28
4144 27
4145 18
4146 16
4147 16
4148 20
4149 21
4150 19
4151 20
4152 27
4153 25
4154 21
4155 21
4156 19
4157 21
4158 23
4159 24
4160 16
4161 15
4162 19
4163 16
4164 17
4165 22
4166 22
4167 15
4168 15
4169 21
4170 15
4171 23
4172 17
4173 20
4174 13
4175 13
4176 19
4177 22
4178 14
4179 21
4180 32
4181 16
4182 18
4183 23
4184 22
4185 18
4186 26
4187 18
4188 17
4189 21
4190 16
4191 22
4192 11
4193 17
4194 19
4195 23
4196 30
4197 15
4198 25
4199 19
4200 23
4201 20
4202 18
4203 20
4204 26
4205 27
4206 25
4207 8
4208 16
4209 24
4210 21
4211 16
4212 22
4213 20
4214 22
4215 21
4216 18
4217 15
4218 21
4219 16
4220 18
4221 17
4222 15
4223 27
4224 14
4225 24
4226 17
4227 20
4228 20
4229 23
4230 14
4231 14
4232 19
4233 27
4234 19
4235 25
4236 25
4237 16
4238 19
4239 14
4240 17
4241 22
4242 19
4243 17
4244 24
4245 15
4246 15
4247 23
4248 13
4249 9
4250 16
4251 15
4252 18
4253 16
4254 20
4255 19
4256 21
4257 23
4258 16
4259 17
4260 14
4261 20
4262 14
4263 26
4264 20
4265 20
4266 26
4267 17
4268 18
4269 20
4270 20
4271 19
4272 19
4273 14
4274 15
4275 16
4276 15
4277 17
4278 18
4279 21
4280 25
4281 19
4282 27
4283 14
4284 25
4285 21
4286 18
4287 18
4288 21
4289 17
4290 21
4291 14
4292 21
4293 18
4294 12
4295 20
4296 17
4297 18
4298 19
4299 18
4300 21
4301 21
4302 18
4303 15
4304 16
4305 23
4306 31
4307 18
4308 19
4309 24
4310 17
4311 16
4312 15
4313 19
4314 20
4315 14
4316 25
4317 18
4318 20
4319 27
4320 26
4321 23
4322 22
4323 16
4324 26
4325 15
4326 23
4327 19
4328 26
4329 20
4330 29
4331 23
4332 21
4333 23
4334 21
4335 16
4336 22
4337 20
4338 15
4339 14
4340 19
4341 18
4342 24
4343 18
4344 14
4345 21
4346 18
4347 22
4348 18
4349 29
4350 25
4351 29
4352 19
4353 28
4354 20
4355 16
4356 20
4357 20
4358 20
4359 27
4360 19
4361 17
4362 14
4363 22
4364 15
4365 19
4366 17
4367 18
4368 12
4369 18
4370 23
4371 17
4372 12
4373 18
4374 17
4375 21
4376 13
4377 32
4378 15
4379 23
4380 26
4381 22
4382 25
4383 16
4384 22
4385 20
4386 17
4387 19
4388 23
4389 24
4390 22
4391 26
4392 13
4393 17
4394 24
4395 19
4396 17
4397 16
4398 15
4399 14
4400 15
4401 12
4402 18
4403 21
4404 30
4405 24
4406 19
4407 18
4408 22
4409 24
4410 15
4411 18
4412 17
4413 14
4414 33
4415 23
4416 24
4417 20
4418 17
4419 24
4420 18
4421 22
4422 15
4423 21
4424 25
4425 24
4426 17
4427 25
4428 26
4429 13
4430 21
4431 17
4432 17
4433 18
4434 17
4435 20
4436 21
4437 17
4438 17
4439 22
4440 17
4441 16
4442 23
4443 20
4444 19
4445 16
4446 17
4447 20
4448 17
4449 19
4450 16
4451 14
4452 21
4453 19
4454 15
4455 18
4456 22
4457 17
4458 20
4459 22
4460 17
4461 29
4462 24
4463 25
4464 24
4465 19
4466 19
4467 16
4468 22
4469 20
4470 19
4471 19
4472 20
4473 13
4474 19
4475 28
4476 18
4477 20
4478 21
4479 18
4480 22
4481 28
4482 22
4483 14
4484 27
4485 19
4486 16
4487 22
4488 22
4489 19
4490 24
4491 18
4492 19
4493 23
4494 20
4495 21
4496 19
4497 26
4498 18
4499 25
4500 19
4501 19
4502 17
4503 29
4504 20
4505 21
4506 16
4507 19
4508 15
4509 21
4510 25
4511 27
4512 23
4513 22
4514 14
4515 20
4516 21
4517 28
4518 18
4519 15
4520 23
4521 19
4522 18
4523 17
4524 16
4525 24
4526 30
4527 19
4528 15
4529 25
4530 28
4531 26
4532 22
4533 22
4534 19
4535 24
4536 25
4537 13
4538 21
4539 17
4540 25
4541 27
4542 20
4543 19
4544 24
4545 16
4546 24
4547 16
4548 27
4549 23
4550 16
4551 23
4552 16
4553 11
4554 23
4555 15
4556 22
4557 13
4558 10
4559 12
4560 23
4561 29
4562 17
4563 18
4564 24
4565 25
4566 33
4567 26
4568 26
4569 20
4570 17
4571 14
4572 20
4573 18
4574 15
4575 18
4576 25
4577 17
4578 20
4579 21
4580 17
4581 15
4582 25
4583 21
4584 16
4585 18
4586 17
4587 27
4588 13
4589 25
4590 23
4591 17
4592 21
4593 18
4594 15
4595 18
4596 19
4597 24
4598 14
4599 17
4600 15
4601 15
4602 15
4603 15
4604 15
4605 30
4606 18
4607 25
4608 20
4609 29
4610 22
4611 16
4612 26
4613 29
4614 26
4615 16
4616 17
4617 17
4618 22
4619 25
4620 17
4621 10
4622 32
4623 21
4624 16
4625 18
4626 21
4627 22
4628 22
4629 29
4630 19
4631 31
4632 18
4633 15
4634 19
4635 18
4636 23
4637 18
4638 17
4639 18
4640 23
4641 18
4642 16
4643 28
4644 19
4645 26
4646 21
4647 22
4648 15
4649 17
4650 19
4651 17
4652 24
4653 19
4654 33
4655 25
4656 26
4657 18
4658 18
4659 21
4660 27
4661 27
4662 20
4663 16
4664 23
4665 20
4666 18
4667 18
4668 14
4669 13
4670 22
4671 28
4672 19
4673 16
4674 20
4675 23
4676 11
4677 21
4678 16
4679 18
4680 17
4681 19
4682 6
4683 17
4684 15
4685 18
4686 23
4687 25
4688 25
4689 32
4690 24
4691 29
4692 16
4693 13
4694 19
4695 29
4696 22
4697 22
4698 15
4699 20
4700 21
4701 16
4702 17
4703 24
4704 20
4705 12
4706 18
4707 28
4708 26
4709 22
4710 18
4711 30
4712 23
4713 15
4714 21
4715 18
4716 25
4717 21
4718 25
4719 22
4720 23
4721 18
4722 12
4723 26
4724 14
4725 23
4726 17
4727 22
4728 29
4729 18
4730 17
4731 19
4732 22
4733 19
4734 28
4735 17
4736 14
4737 20
4738 17
4739 21
4740 18
4741 24
4742 19
4743 14
4744 16
4745 22
4746 24
4747 15
4748 21
4749 17
4750 19
4751 24
4752 16
4753 23
4754 23
4755 18
4756 20
4757 24
4758 14
4759 18
4760 18
4761 24
4762 20
4763 17
4764 11
4765 21
4766 19
4767 19
4768 17
4769 20
4770 16
4771 22
4772 23
4773 21
4774 17
4775 20
4776 20
4777 20
4778 25
4779 28
4780 22
4781 21
4782 16
4783 14
4784 26
4785 26
4786 27
4787 15
4788 14
4789 15
4790 22
4791 18
4792 34
4793 24
4794 17
4795 20
4796 23
4797 21
4798 20
4799 25
4800 20
4801 15
4802 19
4803 18
4804 21
4805 17
4806 21
4807 17
4808 23
4809 31
4810 12
4811 29
4812 22
4813 18
4814 22
4815 16
4816 24
4817 19
4818 19
4819 22
4820 20
4821 23
4822 17
4823 14
4824 18
4825 20
4826 23
4827 22
4828 19
4829 18
4830 29
4831 28
4832 26
4833 23
4834 23
4835 13
4836 23
4837 17
4838 24
4839 23
4840 19
4841 24
4842 26
4843 18
4844 13
4845 18
4846 20
4847 17
4848 19
4849 20
4850 19
4851 26
4852 18
4853 16
4854 20
4855 18
4856 15
4857 19
4858 26
4859 22
4860 26
4861 22
4862 28
4863 22
4864 14
4865 18
4866 21
4867 12
4868 20
4869 16
4870 21
4871 22
4872 25
4873 21
4874 21
4875 16
4876 19
4877 17
4878 15
4879 23
4880 15
4881 22
4882 18
4883 22
4884 16
4885 16
4886 19
4887 11
4888 27
4889 10
4890 24
4891 22
4892 20
4893 22
4894 18
4895 20
4896 24
4897 16
4898 19
4899 23
4900 17
4901 18
4902 22
4903 22
4904 15
4905 16
4906 22
4907 22
4908 19
4909 12
4910 18
4911 27
4912 22
4913 30
4914 19
4915 27
4916 22
4917 20
4918 18
4919 23
4920 35
4921 18
4922 25
4923 13
4924 12
4925 20
4926 15
4927 18
4928 11
4929 12
4930 14
4931 24
4932 13
4933 20
4934 16
4935 24
4936 24
4937 21
4938 22
4939 17
4940 20
4941 21
4942 21
4943 12
4944 12
4945 23
4946 24
4947 16
4948 18
4949 18
4950 24
4951 25
4952 28
4953 22
4954 21
4955 24
4956 19
4957 26
4958 14
4959 21
4960 23
4961 25
4962 22
4963 26
4964 14
4965 17
4966 23
4967 12
4968 22
4969 18
4970 24
4971 12
4972 19
4973 24
4974 25
4975 21
4976 20
4977 28
4978 15
4979 22
4980 19
4981 24
4982 16
4983 22
4984 19
4985 22
4986 21
4987 22
4988 17
4989 28
4990 19
4991 21
4992 23
4993 21
4994 16
4995 29
4996 17
4997 18
4998 17
4999 24
