0 1
1 0
2 2
3 0
4 0
5 0
6 2
7 0
8 1
9 4
10 0
11 2
12 0
13 1
14 0
15 0
16 1
17 6
18 1
19 0
20 1
21 1
22 2
23 2
24 0
25 0
26 2
27 1
28 0
29 1
30 0
31 0
32 2
33 1
34 0
35 1
36 3
37 1
38 0
39 0
40 2
41 3
42 0
43 2
44 0
45 1
46 0
47 0
48 1
49 2
50 1
51 1
52 3
53 0
54 1
55 2
56 0
57 0
58 1
59 1
60 1
61 0
62 1
63 0
64 2
65 3
66 2
67 0
68 0
69 0
70 1
71 1
72 0
73 1
74 1
75 1
76 1
77 0
78 1
79 2
80 0
81 3
82 2
83 3
84 2
85 3
86 0
87 0
88 1
89 2
90 1
91 1
92 0
93 0
94 3
95 1
96 1
97 1
98 0
99 1
100 1
101 1
102 0
103 1
104 0
105 0
106 0
107 1
108 3
109 1
110 2
111 1
112 2
113 0
114 0
115 0
116 1
117 1
118 1
119 0
120 1
121 2
122 0
123 2
124 1
125 0
126 1
127 2
128 2
129 0
130 3
131 0
132 0
133 1
134 1
135 2
136 2
137 0
138 3
139 1
140 2
141 0
142 0
143 1
144 0
145 2
146 2
147 0
148 0
149 0
150 2
151 2
152 0
153 2
154 0
155 3
156 1
157 2
158 2
159 1
160 1
161 3
162 3
163 2
164 1
165 0
166 2
167 1
168 0
169 1
170 0
171 1
172 1
173 1
174 1
175 2
176 1
177 0
178 3
179 1
180 2
181 2
182 3
183 1
184 1
185 2
186 1
187 1
188 1
189 3
190 2
191 2
192 1
193 2
194 0
195 2
196 0
197 1
198 1
199 1
200 1
201 1
202 1
203 2
204 0
205 0
206 3
207 0
208 3
209 1
210 1
211 1
212 1
213 0
214 1
215 1
216 2
217 0
218 1
219 1
220 4
221 1
222 0
223 0
224 1
225 1
226 2
227 2
228 0
229 0
230 2
231 1
232 0
233 0
234 0
235 4
236 1
237 0
238 3
239 0
240 0
241 0
242 1
243 1
244 0
245 1
246 1
247 1
248 0
249 1
250 0
251 1
252 1
253 0
254 2
255 2
256 1
257 3
258 2
259 1
260 1
261 0
262 1
263 0
264 0
265 2
266 1
267 1
268 2
269 1
270 1
271 4
272 0
273 2
274 0
275 1
276 2
277 0
278 2
279 2
280 4
281 1
282 0
283 2
284 2
285 1
286 1
287 0
288 0
289 2
290 0
291 1
292 1
293 1
294 0
295 0
296 0
297 0
298 3
299 2
300 1
301 2
302 1
303 0
304 1
305 1
306 1
307 2
308 1
309 2
310 2
311 0
312 0
313 0
314 1
315 1
316 0
317 1
318 0
319 1
320 0
321 2
322 0
323 1
324 0
325 0
326 3
327 0
328 0
329 1
330 2
331 1
332 0
333 0
334 1
335 1
336 0
337 2
338 1
339 2
340 1
341 1
342 1
343 1
344 2
345 0
346 0
347 2
348 1
349 1
350 2
351 2
352 2
353 0
354 2
355 1
356 3
357 1
358 0
359 1
360 1
361 3
362 0
363 0
364 3
365 1
366 0
367 1
368 0
369 2
370 1
371 0
372 1
373 1
374 1
375 0
376 0
377 2
378 0
379 0
380 2
381 0
382 5
383 0
384 3
385 1
386 2
387 1
388 1
389 1
390 2
391 1
392 2
393 0
394 0
395 0
396 2
397 0
398 0
399 0
400 1
401 1
402 3
403 2
404 0
405 1
406 0
407 0
408 2
409 0
410 1
411 0
412 4
413 1
414 2
415 1
416 1
417 0
418 2
419 1
420 0
421 1
422 1
423 0
424 0
425 1
426 0
427 0
428 0
429 1
430 0
431 2
432 0
433 0
434 1
435 0
436 1
437 0
438 1
439 1
440 1
441 1
442 1
443 0
444 0
445 1
446 0
447 1
448 0
449 1
450 0
451 1
452 1
453 1
454 0
455 1
456 4
457 1
458 1
459 2
460 2
461 1
462 2
463 2
464 1
465 0
466 0
467 1
468 0
469 0
470 0
471 2
472 2
473 0
474 1
475 2
476 2
477 0
478 1
479 3
480 0
481 1
482 2
483 2
484 2
485 1
486 3
487 0
488 1
489 0
490 1
491 2
492 0
493 3
494 0
495 2
496 1
497 0
498 2
499 0
500 0
501 1
502 0
503 3
504 0
505 2
506 0
507 4
508 0
509 3
510 2
511 2
512 0
513 1
514 1
515 2
516 0
517 2
518 1
519 1
520 1
521 0
522 2
523 1
524 2
525 0
526 3
527 2
528 1
529 1
530 2
531 0
532 1
533 1
534 1
535 1
536 0
537 1
538 2
539 1
540 0
541 0
542 0
543 1
544 0
545 3
546 0
547 1
548 1
549 1
550 0
551 0
552 0
553 0
554 2
555 2
556 1
557 2
558 0
559 0
560 1
561 1
562 0
563 1
564 1
565 1
566 3
567 1
568 0
569 1
570 0
571 1
572 1
573 0
574 0
575 1
576 0
577 0
578 0
579 2
580 1
581 1
582 0
583 0
584 1
585 2
586 2
587 0
588 1
589 2
590 1
591 1
592 1
593 2
594 0
595 3
596 0
597 0
598 0
599 1
600 1
601 4
602 1
603 3
604 2
605 1
606 1
607 1
608 2
609 0
610 3
611 2
612 1
613 1
614 1
615 0
616 1
617 0
618 0
619 0
620 1
621 1
622 2
623 1
624 0
625 1
626 1
627 1
628 1
629 3
630 0
631 1
632 0
633 1
634 0
635 1
636 1
637 0
638 0
639 1
640 1
641 3
642 1
643 0
644 1
645 2
646 0
647 2
648 0
649 0
650 2
651 2
652 1
653 0
654 0
655 0
656 0
657 1
658 1
659 1
660 1
661 2
662 1
663 2
664 4
665 1
666 3
667 1
668 1
669 0
670 1
671 1
672 5
673 1
674 0
675 2
676 2
677 1
678 1
679 0
680 1
681 1
682 1
683 1
684 0
685 2
686 1
687 1
688 1
689 1
690 1
691 2
692 2
693 1
694 2
695 0
696 1
697 0
698 1
699 0
700 1
701 0
702 2
703 0
704 1
705 0
706 0
707 0
708 2
709 2
710 4
711 1
712 1
713 2
714 0
715 1
716 0
717 1
718 1
719 2
720 1
721 1
722 0
723 0
724 0
725 0
726 0
727 1
728 0
729 1
730 0
731 0
732 1
733 1
734 0
735 1
736 0
737 1
738 1
739 1
740 0
741 0
742 1
743 1
744 1
745 0
746 3
747 2
748 1
749 3
750 3
751 1
752 1
753 1
754 2
755 2
756 0
757 3
758 1
759 0
760 3
761 0
762 2
763 2
764 1
765 0
766 0
767 0
768 1
769 2
770 1
771 3
772 0
773 1
774 1
775 0
776 0
777 1
778 2
779 0
780 2
781 0
782 1
783 1
784 1
785 1
786 0
787 0
788 3
789 2
790 3
791 1
792 0
793 0
794 0
795 0
796 3
797 1
798 2
799 1
800 4
801 0
802 2
803 0
804 0
805 1
806 2
807 0
808 2
809 0
810 1
811 1
812 0
813 3
814 1
815 1
816 0
817 1
818 4
819 0
820 0
821 1
822 0
823 0
824 2
825 0
826 0
827 2
828 1
829 0
830 2
831 0
832 2
833 0
834 0
835 1
836 0
837 2
838 2
839 0
840 2
841 0
842 0
843 0
844 0
845 1
846 0
847 2
848 2
849 0
850 1
851 1
852 0
853 2
854 0
855 1
856 2
857 0
858 2
859 0
860 2
861 1
862 2
863 1
864 1
865 3
866 3
867 0
868 0
869 3
870 1
871 1
872 0
873 0
874 1
875 2
876 1
877 3
878 0
879 1
880 1
881 2
882 0
883 3
884 0
885 1
886 2
887 1
888 2
889 1
890 0
891 0
892 3
893 1
894 1
895 0
896 2
897 0
898 0
899 0
900 1
901 1
902 2
903 3
904 1
905 0
906 0
907 0
908 1
909 1
910 0
911 3
912 1
913 0
914 2
915 2
916 1
917 2
918 4
919 1
920 4
921 0
922 0
923 0
924 1
925 0
926 1
927 1
928 0
929 0
930 0
931 1
932 1
933 2
934 0
935 0
936 1
937 1
938 2
939 1
940 2
941 1
942 1
943 1
944 1
945 2
946 0
947 2
948 0
949 1
950 3
951 1
952 0
953 2
954 0
955 0
956 3
957 1
958 0
959 0
960 0
961 3
962 1
963 1
964 2
965 1
966 0
967 2
968 0
969 1
970 2
971 2
972 2
973 2
974 0
975 3
976 3
977 1
978 3
979 1
980 1
981 2
982 2
983 0
984 1
985 2
986 2
987 1
988 0
989 1
990 0
991 0
992 1
993 0
994 1
995 0
996 0
997 3
998 0
999 1
1000 3
1001 1
1002 0
1003 0
1004 0
1005 1
1006 1
1007 0
1008 1
1009 0
1010 3
1011 0
1012 0
1013 0
1014 2
1015 0
1016 0
1017 1
1018 0
1019 1
1020 1
1021 2
1022 1
1023 2
1024 3
1025 2
1026 2
1027 0
1028 0
1029 2
1030 0
1031 1
1032 0
1033 4
1034 2
1035 2
1036 1
1037 1
1038 1
1039 2
1040 1
1041 2
1042 2
1043 1
1044 2
1045 0
1046 1
1047 1
1048 2
1049 1
1050 1
1051 2
1052 0
1053 1
1054 0
1055 2
1056 2
1057 1
1058 0
1059 1
1060 3
1061 0
1062 0
1063 0
1064 0
1065 0
1066 0
1067 2
1068 0
1069 2
1070 0
1071 0
1072 2
1073 3
1074 1
1075 0
1076 1
1077 2
1078 1
1079 2
1080 0
1081 2
1082 1
1083 1
1084 1
1085 0
1086 3
1087 1
1088 1
1089 1
1090 2
1091 3
1092 1
1093 1
1094 0
1095 1
1096 0
1097 1
1098 1
1099 3
1100 1
1101 0
1102 1
1103 1
1104 0
1105 0
1106 3
1107 1
1108 2
1109 0
1110 2
1111 1
1112 2
1113 0
1114 0
1115 1
1116 1
1117 0
1118 1
1119 1
1120 1
1121 0
1122 2
1123 2
1124 0
1125 2
1126 0
1127 0
1128 0
1129 2
1130 0
1131 0
1132 1
1133 1
1134 2
1135 0
1136 0
1137 3
1138 0
1139 2
1140 2
1141 4
1142 1
1143 1
1144 0
1145 1
1146 2
1147 0
1148 1
1149 2
1150 0
1151 0
1152 0
1153 0
1154 1
1155 0
1156 0
1157 2
1158 1
1159 0
1160 0
1161 1
1162 1
1163 1
1164 0
1165 2
1166 0
1167 1
1168 0
1169 1
1170 0
1171 2
1172 0
1173 3
1174 0
1175 0
1176 2
1177 1
1178 0
1179 1
1180 1
1181 0
1182 2
1183 2
1184 0
1185 2
1186 1
1187 1
1188 1
1189 2
1190 1
1191 1
1192 3
1193 2
1194 3
1195 1
1196 0
1197 4
1198 2
1199 2
1200 1
1201 1
1202 2
1203 2
1204 1
1205 2
1206 0
1207 1
1208 5
1209 0
1210 2
1211 3
1212 3
1213 0
1214 2
1215 1
1216 0
1217 2
1218 0
1219 1
1220 0
1221 0
1222 2
1223 0
1224 0
1225 0
1226 2
1227 2
1228 0
1229 1
1230 1
1231 1
1232 2
1233 2
1234 1
1235 0
1236 0
1237 1
1238 3
1239 0
1240 1
1241 2
1242 0
1243 1
1244 0
1245 1
1246 1
1247 1
1248 0
1249 0
1250 0
1251 1
1252 3
1253 5
1254 0
1255 0
1256 1
1257 4
1258 1
1259 1
1260 0
1261 0
1262 0
1263 0
1264 2
1265 3
1266 0
1267 1
1268 0
1269 1
1270 3
1271 3
1272 0
1273 1
1274 2
1275 1
1276 1
1277 0
1278 1
1279 1
1280 1
1281 1
1282 3
1283 1
1284 0
1285 0
1286 0
1287 0
1288 0
1289 3
1290 1
1291 1
1292 1
1293 2
1294 1
1295 0
1296 0
1297 2
1298 1
1299 2
1300 2
1301 0
1302 1
1303 0
1304 3
1305 1
1306 1
1307 2
1308 0
1309 1
1310 1
1311 1
1312 2
1313 1
1314 2
1315 1
1316 0
1317 2
1318 2
1319 0
1320 1
1321 2
1322 1
1323 0
1324 2
1325 0
1326 1
1327 4
1328 0
1329 1
1330 0
1331 1
1332 0
1333 1
1334 1
1335 1
1336 1
1337 3
1338 1
1339 0
1340 1
1341 2
1342 0
1343 0
1344 1
1345 0
1346 1
1347 2
1348 0
1349 0
1350 2
1351 0
1352 1
1353 0
1354 1
1355 3
1356 0
1357 1
1358 3
1359 0
1360 2
1361 1
1362 1
1363 1
1364 1
1365 1
1366 1
1367 2
1368 2
1369 0
1370 0
1371 2
1372 2
1373 0
1374 2
1375 0
1376 0
1377 1
1378 2
1379 1
1380 2
1381 0
1382 1
1383 1
1384 0
1385 0
1386 0
1387 2
1388 0
1389 0
1390 2
1391 0
1392 1
1393 0
1394 2
1395 0
1396 1
1397 1
1398 0
1399 0
1400 2
1401 0
1402 1
1403 0
1404 1
1405 0
1406 2
1407 0
1408 0
1409 0
1410 1
1411 2
1412 0
1413 1
1414 3
1415 2
1416 0
1417 0
1418 1
1419 0
1420 1
1421 0
1422 3
1423 1
1424 0
1425 0
1426 1
1427 2
1428 2
1429 3
1430 2
1431 1
1432 1
1433 2
1434 1
1435 0
1436 2
1437 0
1438 0
1439 0
1440 0
1441 0
1442 1
1443 3
1444 1
1445 3
1446 0
1447 2
1448 1
1449 0
1450 1
1451 1
1452 1
1453 3
1454 0
1455 1
1456 1
1457 3
1458 0
1459 0
1460 1
1461 0
1462 0
1463 0
1464 1
1465 0
1466 2
1467 1
1468 0
1469 0
1470 1
1471 0
1472 2
1473 0
1474 0
1475 1
1476 3
1477 2
1478 2
1479 1
1480 1
1481 2
1482 0
1483 2
1484 1
1485 1
1486 1
1487 0
1488 0
1489 1
1490 0
1491 1
1492 1
1493 1
1494 2
1495 0
1496 1
1497 0
1498 0
1499 1
1500 3
1501 1
1502 0
1503 3
1504 1
1505 2
1506 2
1507 0
1508 0
1509 0
1510 0
1511 1
1512 1
1513 0
1514 1
1515 0
1516 1
1517 3
1518 1
1519 3
1520 0
1521 1
1522 1
1523 2
1524 0
1525 0
1526 1
1527 3
1528 1
1529 2
1530 0
1531 0
1532 0
1533 0
1534 1
1535 1
1536 0
1537 1
1538 1
1539 0
1540 2
1541 3
1542 1
1543 0
1544 2
1545 3
1546 1
1547 1
1548 0
1549 0
1550 0
1551 1
1552 1
1553 0
1554 1
1555 0
1556 0
1557 3
1558 0
1559 0
1560 2
1561 0
1562 0
1563 1
1564 0
1565 1
1566 0
1567 3
1568 1
1569 1
1570 1
1571 0
1572 0
1573 1
1574 1
1575 0
1576 0
1577 0
1578 0
1579 0
1580 0
1581 2
1582 1
1583 1
1584 2
1585 0
1586 3
1587 0
1588 0
1589 0
1590 0
1591 2
1592 1
1593 2
1594 2
1595 1
1596 2
1597 1
1598 0
1599 1
1600 0
1601 1
1602 1
1603 2
1604 1
1605 0
1606 1
1607 1
1608 0
1609 1
1610 0
1611 1
1612 0
1613 0
1614 3
1615 1
1616 1
1617 1
1618 2
1619 2
1620 0
1621 1
1622 4
1623 1
1624 2
1625 0
1626 1
1627 1
1628 1
1629 0
1630 0
1631 0
1632 1
1633 0
1634 0
1635 1
1636 0
1637 3
1638 0
1639 0
1640 0
1641 1
1642 0
1643 3
1644 2
1645 0
1646 1
1647 0
1648 0
1649 0
1650 1
1651 1
1652 1
1653 0
1654 0
1655 1
1656 2
1657 2
1658 1
1659 0
1660 1
1661 1
1662 1
1663 1
1664 1
1665 0
1666 0
1667 1
1668 3
1669 0
1670 2
1671 3
1672 4
1673 0
1674 1
1675 0
1676 2
1677 0
1678 0
1679 1
1680 0
1681 0
1682 0
1683 2
1684 1
1685 2
1686 3
1687 1
1688 2
1689 0
1690 1
1691 0
1692 2
1693 0
1694 0
1695 1
1696 1
1697 0
1698 1
1699 1
1700 1
1701 2
1702 1
1703 0
1704 1
1705 2
1706 1
1707 0
1708 2
1709 1
1710 0
1711 1
1712 2
1713 0
1714 1
1715 0
1716 0
1717 1
1718 1
1719 3
1720 0
1721 1
1722 2
1723 1
1724 1
1725 0
1726 1
1727 0
1728 3
1729 2
1730 3
1731 1
1732 3
1733 1
1734 2
1735 0
1736 1
1737 3
1738 1
1739 1
1740 2
1741 1
1742 1
1743 0
1744 1
1745 5
1746 0
1747 1
1748 2
1749 0
1750 1
1751 1
1752 0
1753 0
1754 0
1755 1
1756 0
1757 3
1758 0
1759 0
1760 0
1761 1
1762 2
1763 1
1764 2
1765 0
1766 1
1767 2
1768 0
1769 3
1770 0
1771 0
1772 1
1773 0
1774 1
1775 1
1776 1
1777 0
1778 0
1779 1
1780 2
1781 0
1782 1
1783 1
1784 1
1785 2
1786 1
1787 1
1788 0
1789 2
1790 0
1791 0
1792 1
1793 2
1794 1
1795 1
1796 2
1797 0
1798 1
1799 0
1800 2
1801 5
1802 1
1803 0
1804 0
1805 1
1806 1
1807 1
1808 0
1809 0
1810 3
1811 2
1812 0
1813 2
1814 1
1815 2
1816 1
1817 1
1818 1
1819 1
1820 1
1821 0
1822 1
1823 2
1824 1
1825 0
1826 0
1827 1
1828 1
1829 0
1830 2
1831 1
1832 0
1833 0
1834 0
1835 1
1836 1
1837 0
1838 2
1839 0
1840 3
1841 2
1842 1
1843 0
1844 1
1845 1
1846 1
1847 0
1848 0
1849 1
1850 3
1851 3
1852 1
1853 2
1854 1
1855 2
1856 0
1857 1
1858 1
1859 1
1860 1
1861 0
1862 2
1863 1
1864 3
1865 2
1866 1
1867 1
1868 0
1869 0
1870 1
1871 1
1872 0
1873 0
1874 2
1875 1
1876 0
1877 1
1878 1
1879 0
1880 1
1881 0
1882 1
1883 1
1884 0
1885 0
1886 0
1887 1
1888 0
1889 3
1890 0
1891 1
1892 2
1893 2
1894 1
1895 1
1896 0
1897 1
1898 1
1899 1
1900 5
1901 2
1902 3
1903 0
1904 1
1905 0
1906 0
1907 2
1908 3
1909 1
1910 1
1911 1
1912 2
1913 2
1914 1
1915 0
1916 1
1917 1
1918 0
1919 0
1920 0
1921 0
1922 1
1923 0
1924 2
1925 0
1926 1
1927 1
1928 0
1929 0
1930 0
1931 0
1932 0
1933 1
1934 0
1935 1
1936 3
1937 1
1938 0
1939 1
1940 1
1941 1
1942 1
1943 2
1944 0
1945 1
1946 1
1947 2
1948 0
1949 2
1950 3
1951 2
1952 1
1953 0
1954 2
1955 1
1956 1
1957 1
1958 0
1959 1
1960 0
1961 1
1962 2
1963 0
1964 0
1965 1
1966 0
1967 1
1968 0
1969 0
1970 0
1971 3
1972 1
1973 1
1974 0
1975 0
1976 0
1977 1
1978 1
1979 0
1980 3
1981 1
1982 1
1983 2
1984 0
1985 0
1986 1
1987 0
1988 0
1989 1
1990 0
1991 0
1992 0
1993 1
1994 0
1995 0
1996 0
1997 1
1998 1
1999 3
2000 0
2001 1
2002 1
2003 0
2004 2
2005 1
2006 0
2007 3
2008 2
2009 1
2010 4
2011 1
2012 1
2013 3
2014 1
2015 0
2016 1
2017 0
2018 1
2019 1
2020 2
2021 0
2022 1
2023 0
2024 1
2025 0
2026 1
2027 0
2028 3
2029 0
2030 0
2031 0
2032 0
2033 0
2034 2
2035 0
2036 1
2037 1
2038 0
2039 0
2040 1
2041 1
2042 2
2043 1
2044 1
2045 0
2046 0
2047 1
2048 0
2049 4
2050 1
2051 1
2052 0
2053 0
2054 3
2055 1
2056 0
2057 1
2058 3
2059 3
2060 2
2061 0
2062 0
2063 2
2064 0
2065 0
2066 2
2067 2
2068 1
2069 1
2070 1
2071 1
2072 1
2073 1
2074 1
2075 1
2076 0
2077 1
2078 4
2079 3
2080 0
2081 0
2082 1
2083 1
2084 1
2085 1
2086 2
2087 3
2088 0
2089 0
2090 0
2091 0
2092 0
2093 1
2094 2
2095 1
2096 1
2097 1
2098 0
2099 1
2100 0
2101 0
2102 1
2103 2
2104 2
2105 1
2106 0
2107 3
2108 1
2109 1
2110 1
2111 1
2112 0
2113 0
2114 2
2115 1
2116 0
2117 0
2118 2
2119 2
2120 1
2121 0
2122 1
2123 0
2124 0
2125 0
2126 1
2127 1
2128 0
2129 0
2130 0
2131 1
2132 2
2133 0
2134 2
2135 1
2136 2
2137 2
2138 1
2139 2
2140 1
2141 1
2142 3
2143 3
2144 0
2145 1
2146 1
2147 4
2148 0
2149 0
2150 2
2151 1
2152 1
2153 0
2154 1
2155 2
2156 2
2157 0
2158 0
2159 0
2160 0
2161 1
2162 0
2163 1
2164 0
2165 0
2166 1
2167 1
2168 0
2169 3
2170 1
2171 1
2172 1
2173 1
2174 1
2175 1
2176 1
2177 0
2178 1
2179 0
2180 0
2181 1
2182 2
2183 1
2184 2
2185 0
2186 0
2187 3
2188 3
2189 2
2190 0
2191 2
2192 0
2193 3
2194 1
2195 5
2196 2
2197 0
2198 2
2199 0
2200 0
2201 0
2202 0
2203 1
2204 2
2205 0
2206 2
2207 0
2208 2
2209 1
2210 0
2211 0
2212 1
2213 2
2214 0
2215 0
2216 1
2217 3
2218 1
2219 0
2220 1
2221 3
2222 1
2223 0
2224 0
2225 2
2226 4
2227 1
2228 0
2229 3
2230 0
2231 1
2232 0
2233 2
2234 1
2235 0
2236 2
2237 0
2238 0
2239 2
2240 2
2241 1
2242 2
2243 2
2244 2
2245 2
2246 2
2247 1
2248 3
2249 1
2250 0
2251 0
2252 1
2253 1
2254 3
2255 2
2256 3
2257 1
2258 1
2259 1
2260 2
2261 1
2262 0
2263 0
2264 0
2265 2
2266 0
2267 1
2268 0
2269 2
2270 1
2271 1
2272 1
2273 1
2274 0
2275 0
2276 0
2277 0
2278 1
2279 2
2280 0
2281 0
2282 4
2283 0
2284 0
2285 1
2286 1
2287 1
2288 0
2289 1
2290 1
2291 0
2292 1
2293 2
2294 2
2295 1
2296 0
2297 1
2298 0
2299 1
2300 2
2301 2
2302 0
2303 0
2304 1
2305 4
2306 1
2307 0
2308 1
2309 3
2310 0
2311 0
2312 0
2313 1
2314 2
2315 2
2316 0
2317 1
2318 1
2319 1
2320 1
2321 2
2322 0
2323 2
2324 0
2325 1
2326 0
2327 1
2328 2
2329 2
2330 0
2331 1
2332 1
2333 0
2334 3
2335 2
2336 0
2337 0
2338 0
2339 0
2340 0
2341 0
2342 2
2343 1
2344 1
2345 1
2346 1
2347 1
2348 1
2349 1
2350 0
2351 0
2352 2
2353 1
2354 1
2355 0
2356 0
2357 1
2358 1
2359 3
2360 1
2361 1
2362 4
2363 1
2364 1
2365 1
2366 0
2367 1
2368 0
2369 3
2370 0
2371 1
2372 1
2373 1
2374 1
2375 1
2376 1
2377 1
2378 0
2379 1
2380 0
2381 3
2382 1
2383 0
2384 1
2385 0
2386 2
2387 2
2388 0
2389 0
2390 0
2391 0
2392 1
2393 1
2394 0
2395 2
2396 1
2397 1
2398 1
2399 2
2400 0
2401 1
2402 1
2403 1
2404 0
2405 2
2406 3
2407 0
2408 3
2409 1
2410 0
2411 1
2412 2
2413 0
2414 0
2415 0
2416 1
2417 1
2418 1
2419 0
2420 0
2421 1
2422 1
2423 0
2424 0
2425 2
2426 0
2427 0
2428 2
2429 0
2430 2
2431 0
2432 0
2433 2
2434 1
2435 1
2436 3
2437 0
2438 2
2439 1
2440 1
2441 1
2442 0
2443 0
2444 1
2445 1
2446 0
2447 1
2448 0
2449 0
2450 0
2451 0
2452 1
2453 1
2454 2
2455 2
2456 3
2457 1
2458 0
2459 1
2460 2
2461 1
2462 2
2463 1
2464 0
2465 1
2466 0
2467 0
2468 0
2469 0
2470 3
2471 1
2472 0
2473 0
2474 0
2475 1
2476 0
2477 1
2478 1
2479 2
2480 1
2481 1
2482 2
2483 2
2484 4
2485 3
2486 1
2487 1
2488 1
2489 0
2490 1
2491 0
2492 0
2493 2
2494 1
2495 1
2496 0
2497 2
2498 0
2499 1
2500 1
2501 1
2502 0
2503 0
2504 1
2505 2
2506 1
2507 1
2508 0
2509 0
2510 1
2511 0
2512 0
2513 1
2514 0
2515 2
2516 2
2517 0
2518 1
2519 1
2520 1
2521 3
2522 0
2523 2
2524 3
2525 3
2526 0
2527 2
2528 0
2529 0
2530 1
2531 1
2532 1
2533 0
2534 1
2535 0
2536 1
2537 0
2538 1
2539 1
2540 0
2541 2
2542 0
2543 4
2544 1
2545 2
2546 1
2547 0
2548 3
2549 1
2550 1
2551 0
2552 1
2553 2
2554 0
2555 0
2556 1
2557 1
2558 1
2559 2
2560 4
2561 3
2562 0
2563 0
2564 3
2565 4
2566 1
2567 0
2568 2
2569 3
2570 4
2571 1
2572 2
2573 0
2574 0
2575 2
2576 1
2577 0
2578 4
2579 0
2580 2
2581 3
2582 1
2583 1
2584 0
2585 0
2586 0
2587 0
2588 0
2589 0
2590 2
2591 0
2592 1
2593 1
2594 1
2595 1
2596 2
2597 1
2598 0
2599 0
2600 0
2601 1
2602 1
2603 2
2604 0
2605 1
2606 0
2607 0
2608 0
2609 0
2610 0
2611 0
2612 0
2613 0
2614 0
2615 3
2616 1
2617 0
2618 1
2619 1
2620 4
2621 1
2622 0
2623 4
2624 0
2625 0
2626 0
2627 1
2628 0
2629 1
2630 0
2631 2
2632 1
2633 0
2634 0
2635 4
2636 1
2637 0
2638 1
2639 0
2640 1
2641 3
2642 0
2643 0
2644 1
2645 1
2646 1
2647 1
2648 4
2649 0
2650 1
2651 0
2652 2
2653 2
2654 1
2655 1
2656 1
2657 1
2658 0
2659 1
2660 0
2661 0
2662 1
2663 1
2664 0
2665 1
2666 0
2667 3
2668 2
2669 1
2670 1
2671 0
2672 3
2673 2
2674 0
2675 3
2676 1
2677 2
2678 1
2679 0
2680 1
2681 0
2682 1
2683 0
2684 0
2685 2
2686 0
2687 2
2688 2
2689 1
2690 0
2691 1
2692 5
2693 2
2694 1
2695 1
2696 2
2697 0
2698 1
2699 4
2700 0
2701 0
2702 1
2703 2
2704 1
2705 1
2706 2
2707 0
2708 1
2709 1
2710 0
2711 1
2712 2
2713 1
2714 2
2715 0
2716 1
2717 0
2718 1
2719 1
2720 2
2721 1
2722 4
2723 3
2724 1
2725 0
2726 1
2727 1
2728 1
2729 0
2730 0
2731 0
2732 0
2733 0
2734 2
2735 0
2736 0
2737 1
2738 2
2739 0
2740 0
2741 1
2742 2
2743 4
2744 1
2745 0
2746 0
2747 0
2748 1
2749 2
2750 0
2751 1
2752 1
2753 0
2754 1
2755 1
2756 1
2757 1
2758 1
2759 2
2760 2
2761 2
2762 3
2763 1
2764 0
2765 2
2766 0
2767 0
2768 1
2769 2
2770 1
2771 1
2772 0
2773 3
2774 2
2775 2
2776 0
2777 1
2778 0
2779 1
2780 1
2781 1
2782 1
2783 1
2784 0
2785 0
2786 0
2787 0
2788 0
2789 0
2790 0
2791 2
2792 1
2793 2
2794 1
2795 0
2796 1
2797 0
2798 1
2799 0
2800 0
2801 0
2802 0
2803 0
2804 0
2805 1
2806 0
2807 1
2808 3
2809 1
2810 0
2811 2
2812 1
2813 3
2814 0
2815 1
2816 1
2817 1
2818 2
2819 0
2820 2
2821 0
2822 1
2823 0
2824 2
2825 0
2826 0
2827 1
2828 2
2829 2
2830 0
2831 0
2832 1
2833 0
2834 1
2835 2
2836 2
2837 0
2838 4
2839 2
2840 1
2841 3
2842 1
2843 1
2844 1
2845 1
2846 0
2847 2
2848 1
2849 1
2850 1
2851 0
2852 1
2853 0
2854 1
2855 2
2856 4
2857 1
2858 0
2859 0
2860 1
2861 0
2862 2
2863 1
2864 0
2865 2
2866 1
2867 0
2868 1
2869 0
2870 2
2871 1
2872 0
2873 0
2874 1
2875 0
2876 1
2877 1
2878 0
2879 1
2880 2
2881 0
2882 0
2883 0
2884 1
2885 0
2886 1
2887 2
2888 1
2889 0
2890 2
2891 0
2892 1
2893 2
2894 1
2895 0
2896 3
2897 1
2898 0
2899 0
2900 1
2901 0
2902 1
2903 0
2904 4
2905 1
2906 2
2907 0
2908 1
2909 0
2910 1
2911 3
2912 2
2913 5
2914 0
2915 0
2916 2
2917 0
2918 3
2919 0
2920 0
2921 1
2922 1
2923 1
2924 0
2925 0
2926 1
2927 0
2928 0
2929 0
2930 1
2931 0
2932 1
2933 0
2934 0
2935 2
2936 2
2937 1
2938 2
2939 1
2940 0
2941 0
2942 1
2943 1
2944 1
2945 1
2946 1
2947 2
2948 0
2949 0
2950 0
2951 0
2952 0
2953 1
2954 1
2955 0
2956 2
2957 1
2958 0
2959 1
2960 1
2961 2
2962 0
2963 0
2964 1
2965 0
2966 1
2967 1
2968 2
2969 1
2970 0
2971 3
2972 1
2973 1
2974 1
2975 0
2976 1
2977 1
2978 2
2979 0
2980 0
2981 4
2982 2
2983 0
2984 0
2985 0
2986 1
2987 2
2988 1
2989 3
2990 0
2991 0
2992 0
2993 0
2994 0
2995 1
2996 1
2997 0
2998 0
2999 2
3000 0
3001 0
3002 0
3003 0
3004 1
3005 0
3006 2
3007 0
3008 4
3009 3
3010 0
3011 4
3012 2
3013 2
3014 2
3015 1
3016 1
3017 3
3018 0
3019 0
3020 4
3021 0
3022 1
3023 1
3024 0
3025 0
3026 0
3027 1
3028 1
3029 1
3030 0
3031 3
3032 3
3033 1
3034 1
3035 0
3036 0
3037 3
3038 0
3039 1
3040 2
3041 3
3042 1
3043 1
3044 0
3045 0
3046 1
3047 1
3048 0
3049 0
3050 2
3051 2
3052 1
3053 1
3054 0
3055 2
3056 1
3057 1
3058 2
3059 1
3060 3
3061 2
3062 1
3063 2
3064 0
3065 1
3066 1
3067 0
3068 1
3069 0
3070 0
3071 1
3072 2
3073 0
3074 2
3075 0
3076 1
3077 1
3078 0
3079 2
3080 1
3081 2
3082 0
3083 3
3084 1
3085 1
3086 2
3087 0
3088 0
3089 1
3090 2
3091 1
3092 1
3093 0
3094 0
3095 2
3096 1
3097 0
3098 3
3099 1
3100 0
3101 1
3102 1
3103 0
3104 0
3105 1
3106 1
3107 1
3108 1
3109 2
3110 0
3111 1
3112 1
3113 4
3114 1
3115 1
3116 0
3117 0
3118 3
3119 0
3120 4
3121 1
3122 1
3123 1
3124 4
3125 3
3126 3
3127 1
3128 0
3129 0
3130 1
3131 0
3132 2
3133 0
3134 1
3135 0
3136 0
3137 2
3138 2
3139 0
3140 0
3141 1
3142 3
3143 3
3144 0
3145 2
3146 1
3147 0
3148 0
3149 2
3150 1
3151 1
3152 1
3153 2
3154 0
3155 1
3156 1
3157 2
3158 1
3159 0
3160 0
3161 1
3162 1
3163 1
3164 2
3165 1
3166 1
3167 4
3168 0
3169 1
3170 1
3171 0
3172 0
3173 1
3174 5
3175 0
3176 1
3177 1
3178 0
3179 0
3180 1
3181 1
3182 1
3183 4
3184 3
3185 0
3186 0
3187 2
3188 0
3189 0
3190 1
3191 1
3192 1
3193 0
3194 1
3195 6
3196 0
3197 0
3198 0
3199 0
3200 0
3201 2
3202 2
3203 0
3204 1
3205 2
3206 3
3207 0
3208 0
3209 1
3210 1
3211 2
3212 1
3213 2
3214 0
3215 0
3216 0
3217 0
3218 0
3219 3
3220 1
3221 1
3222 2
3223 3
3224 1
3225 1
3226 0
3227 2
3228 0
3229 2
3230 3
3231 1
3232 2
3233 0
3234 2
3235 2
3236 2
3237 0
3238 0
3239 1
3240 2
3241 0
3242 2
3243 2
3244 1
3245 1
3246 0
3247 0
3248 1
3249 2
3250 1
3251 0
3252 1
3253 5
3254 1
3255 2
3256 1
3257 2
3258 0
3259 0
3260 1
3261 1
3262 2
3263 1
3264 1
3265 0
3266 1
3267 1
3268 3
3269 1
3270 0
3271 1
3272 1
3273 1
3274 0
3275 0
3276 0
3277 1
3278 2
3279 2
3280 0
3281 1
3282 0
3283 3
3284 0
3285 0
3286 1
3287 1
3288 2
3289 1
3290 0
3291 0
3292 4
3293 1
3294 1
3295 1
3296 1
3297 0
3298 0
3299 0
3300 0
3301 0
3302 1
3303 1
3304 0
3305 3
3306 2
3307 1
3308 1
3309 0
3310 2
3311 2
3312 0
3313 1
3314 1
3315 2
3316 1
3317 0
3318 1
3319 0
3320 0
3321 3
3322 1
3323 1
3324 1
3325 5
3326 2
3327 1
3328 0
3329 0
3330 1
3331 0
3332 5
3333 0
3334 1
3335 0
3336 0
3337 4
3338 2
3339 1
3340 1
3341 1
3342 1
3343 1
3344 0
3345 4
3346 1
3347 2
3348 5
3349 0
3350 1
3351 1
3352 1
3353 2
3354 2
3355 1
3356 0
3357 1
3358 0
3359 0
3360 0
3361 2
3362 0
3363 1
3364 0
3365 2
3366 4
3367 1
3368 0
3369 1
3370 2
3371 0
3372 1
3373 0
3374 0
3375 0
3376 2
3377 1
3378 0
3379 0
3380 3
3381 1
3382 0
3383 2
3384 2
3385 0
3386 0
3387 3
3388 0
3389 3
3390 1
3391 0
3392 1
3393 3
3394 2
3395 1
3396 0
3397 0
3398 0
3399 0
3400 0
3401 1
3402 1
3403 3
3404 0
3405 1
3406 0
3407 1
3408 0
3409 3
3410 1
3411 0
3412 0
3413 3
3414 0
3415 1
3416 1
3417 0
3418 0
3419 0
3420 0
3421 1
3422 1
3423 1
3424 1
3425 2
3426 1
3427 4
3428 1
3429 0
3430 0
3431 1
3432 2
3433 1
3434 4
3435 0
3436 0
3437 1
3438 3
3439 1
3440 0
3441 1
3442 0
3443 0
3444 0
3445 1
3446 3
3447 2
3448 0
3449 2
3450 0
3451 1
3452 1
3453 1
3454 2
3455 1
3456 1
3457 1
3458 1
3459 1
3460 1
3461 2
3462 2
3463 0
3464 1
3465 1
3466 1
3467 0
3468 0
3469 0
3470 2
3471 1
3472 0
3473 3
3474 2
3475 0
3476 0
3477 0
3478 1
3479 2
3480 1
3481 3
3482 0
3483 1
3484 0
3485 1
3486 0
3487 0
3488 1
3489 0
3490 1
3491 0
3492 0
3493 0
3494 0
3495 0
3496 2
3497 3
3498 0
3499 1
3500 1
3501 0
3502 1
3503 2
3504 4
3505 4
3506 0
3507 1
3508 1
3509 1
3510 1
3511 2
3512 1
3513 1
3514 1
3515 1
3516 0
3517 0
3518 2
3519 2
3520 0
3521 1
3522 1
3523 0
3524 2
3525 0
3526 2
3527 0
3528 0
3529 1
3530 1
3531 0
3532 2
3533 0
3534 1
3535 2
3536 4
3537 2
3538 1
3539 1
3540 1
3541 3
3542 1
3543 1
3544 1
3545 1
3546 0
3547 1
3548 0
3549 0
3550 2
3551 0
3552 3
3553 2
3554 1
3555 1
3556 3
3557 2
3558 2
3559 2
3560 0
3561 1
3562 1
3563 2
3564 1
3565 1
3566 1
3567 0
3568 1
3569 1
3570 1
3571 0
3572 2
3573 1
3574 1
3575 0
3576 0
3577 1
3578 0
3579 1
3580 0
3581 3
3582 1
3583 1
3584 1
3585 0
3586 1
3587 1
3588 3
3589 2
3590 1
3591 1
3592 0
3593 0
3594 2
3595 1
3596 1
3597 1
3598 3
3599 2
3600 2
3601 3
3602 0
3603 1
3604 1
3605 1
3606 1
3607 1
3608 3
3609 3
3610 0
3611 2
3612 2
3613 1
3614 2
3615 3
3616 0
3617 0
3618 0
3619 2
3620 0
3621 3
3622 0
3623 2
3624 2
3625 0
3626 1
3627 0
3628 1
3629 2
3630 2
3631 1
3632 1
3633 1
3634 1
3635 0
3636 1
3637 2
3638 2
3639 1
3640 0
3641 1
3642 2
3643 0
3644 1
3645 0
3646 1
3647 1
3648 0
3649 0
3650 1
3651 1
3652 0
3653 0
3654 2
3655 2
3656 1
3657 3
3658 0
3659 3
3660 2
3661 6
3662 0
3663 0
3664 1
3665 2
3666 2
3667 1
3668 1
3669 0
3670 0
3671 0
3672 0
3673 0
3674 1
3675 0
3676 0
3677 2
3678 1
3679 2
3680 1
3681 1
3682 0
3683 1
3684 0
3685 0
3686 1
3687 2
3688 2
3689 0
3690 2
3691 1
3692 1
3693 3
3694 2
3695 0
3696 2
3697 0
3698 0
3699 2
3700 1
3701 0
3702 2
3703 0
3704 1
3705 2
3706 0
3707 2
3708 0
3709 2
3710 0
3711 1
3712 4
3713 2
3714 1
3715 0
3716 1
3717 0
3718 0
3719 1
3720 1
3721 3
3722 0
3723 2
3724 1
3725 2
3726 1
3727 4
3728 1
3729 2
3730 1
3731 2
3732 1
3733 0
3734 0
3735 1
3736 2
3737 1
3738 2
3739 0
3740 0
3741 2
3742 0
3743 1
3744 0
3745 0
3746 1
3747 0
3748 1
3749 1
3750 1
3751 0
3752 1
3753 1
3754 2
3755 2
3756 2
3757 1
3758 2
3759 1
3760 2
3761 3
3762 1
3763 1
3764 0
3765 0
3766 1
3767 0
3768 0
3769 3
3770 3
3771 0
3772 2
3773 1
3774 2
3775 1
3776 0
3777 0
3778 2
3779 0
3780 1
3781 1
3782 0
3783 0
3784 0
3785 2
3786 1
3787 0
3788 1
3789 1
3790 1
3791 0
3792 1
3793 1
3794 1
3795 0
3796 1
3797 0
3798 0
3799 2
3800 0
3801 0
3802 1
3803 3
3804 4
3805 2
3806 1
3807 2
3808 0
3809 2
3810 1
3811 2
3812 0
3813 1
3814 0
3815 0
3816 2
3817 0
3818 0
3819 0
3820 0
3821 1
3822 1
3823 1
3824 1
3825 0
3826 0
3827 3
3828 1
3829 1
3830 1
3831 0
3832 1
3833 0
3834 1
3835 1
3836 0
3837 3
3838 1
3839 1
3840 1
3841 1
3842 0
3843 2
3844 1
3845 1
3846 1
3847 5
3848 1
3849 2
3850 2
3851 1
3852 1
3853 2
3854 1
3855 2
3856 0
3857 2
3858 0
3859 1
3860 2
3861 0
3862 2
3863 1
3864 1
3865 0
3866 0
3867 0
3868 2
3869 2
3870 1
3871 0
3872 2
3873 3
3874 0
3875 1
3876 0
3877 0
3878 1
3879 2
3880 0
3881 0
3882 0
3883 1
3884 1
3885 2
3886 0
3887 0
3888 2
3889 1
3890 3
3891 0
3892 0
3893 0
3894 0
3895 0
3896 3
3897 3
3898 1
3899 1
3900 2
3901 2
3902 1
3903 1
3904 0
3905 2
3906 2
3907 0
3908 1
3909 3
3910 0
3911 1
3912 0
3913 0
3914 2
3915 2
3916 1
3917 2
3918 0
3919 0
3920 1
3921 0
3922 2
3923 1
3924 0
3925 1
3926 1
3927 1
3928 0
3929 0
3930 0
3931 0
3932 0
3933 2
3934 1
3935 2
3936 0
3937 2
3938 1
3939 0
3940 1
3941 2
3942 0
3943 1
3944 2
3945 1
3946 1
3947 2
3948 3
3949 2
3950 2
3951 1
3952 2
3953 1
3954 1
3955 1
3956 0
3957 2
3958 4
3959 1
3960 0
3961 2
3962 1
3963 2
3964 1
3965 2
3966 2
3967 3
3968 2
3969 0
3970 0
3971 0
3972 1
3973 1
3974 0
3975 2
3976 0
3977 1
3978 1
3979 2
3980 2
3981 0
3982 1
3983 0
3984 3
3985 0
3986 0
3987 2
3988 0
3989 0
3990 0
3991 1
3992 0
3993 3
3994 1
3995 0
3996 0
3997 0
3998 0
3999 1
4000 0
4001 1
4002 2
4003 0
4004 0
4005 0
4006 2
4007 0
4008 0
4009 2
4010 3
4011 0
4012 0
4013 1
4014 2
4015 0
4016 0
4017 0
4018 0
4019 0
4020 3
4021 1
4022 0
4023 0
4024 3
4025 1
4026 2
4027 0
4028 1
4029 1
4030 1
4031 1
4032 2
4033 2
4034 1
4035 3
4036 0
4037 2
4038 1
4039 1
4040 0
4041 0
4042 1
4043 0
4044 0
4045 1
4046 0
4047 0
4048 2
4049 0
4050 1
4051 2
4052 1
4053 0
4054 3
4055 1
4056 1
4057 0
4058 1
4059 0
4060 1
4061 1
4062 1
4063 0
4064 1
4065 0
4066 0
4067 0
4068 1
4069 1
4070 0
4071 0
4072 1
4073 1
4074 1
4075 0
4076 1
4077 3
4078 1
4079 0
4080 1
4081 0
4082 4
4083 2
4084 0
4085 2
4086 0
4087 3
4088 0
4089 2
4090 0
4091 1
4092 0
4093 1
4094 0
4095 1
4096 1
4097 2
4098 1
4099 0
4100 2
4101 0
4102 1
4103 1
4104 0
4105 1
4106 0
4107 1
4108 0
4109 1
4110 1
4111 1
4112 1
4113 3
4114 0
4115 0
4116 3
4117 1
4118 1
4119 2
4120 0
4121 0
4122 2
4123 1
4124 0
4125 3
4126 1
4127 1
4128 2
4129 1
4130 0
4131 4
4132 1
4133 2
4134 0
4135 1
4136 1
4137 0
4138 2
4139 1
4140 0
4141 1
4142 1
4143 0
4144 0
4145 1
4146 1
4147 0
4148 1
4149 1
4150 0
4151 0
4152 0
4153 2
4154 0
4155 1
4156 0
4157 0
4158 1
4159 3
4160 1
4161 3
4162 1
4163 1
4164 0
4165 1
4166 0
4167 0
4168 0
4169 1
4170 0
4171 2
4172 0
4173 0
4174 1
4175 4
4176 1
4177 1
4178 0
4179 0
4180 3
4181 0
4182 0
4183 1
4184 0
4185 2
4186 0
4187 0
4188 0
4189 1
4190 0
4191 1
4192 0
4193 1
4194 1
4195 1
4196 0
4197 1
4198 2
4199 2
4200 0
4201 1
4202 3
4203 0
4204 0
4205 0
4206 1
4207 7
4208 2
4209 0
4210 0
4211 1
4212 2
4213 2
4214 0
4215 3
4216 0
4217 2
4218 0
4219 2
4220 0
4221 1
4222 0
4223 2
4224 2
4225 0
4226 1
4227 1
4228 2
4229 0
4230 0
4231 1
4232 1
4233 0
4234 0
4235 2
4236 2
4237 1
4238 1
4239 0
4240 3
4241 2
4242 2
4243 1
4244 0
4245 2
4246 1
4247 2
4248 1
4249 1
4250 3
4251 1
4252 0
4253 2
4254 2
4255 1
4256 1
4257 0
4258 0
4259 1
4260 0
4261 1
4262 2
4263 1
4264 1
4265 2
4266 2
4267 1
4268 2
4269 1
4270 1
4271 2
4272 0
4273 1
4274 2
4275 0
4276 2
4277 1
4278 0
4279 0
4280 1
4281 1
4282 1
4283 1
4284 1
4285 1
4286 0
4287 0
4288 1
4289 1
4290 1
4291 1
4292 0
4293 0
4294 0
4295 1
4296 0
4297 1
4298 2
4299 0
4300 0
4301 1
4302 0
4303 3
4304 0
4305 0
4306 4
4307 2
4308 0
4309 4
4310 1
4311 0
4312 1
4313 1
4314 0
4315 3
4316 0
4317 1
4318 1
4319 2
4320 1
4321 2
4322 1
4323 1
4324 2
4325 4
4326 0
4327 1
4328 0
4329 1
4330 0
4331 1
4332 0
4333 1
4334 2
4335 2
4336 0
4337 1
4338 1
4339 1
4340 1
4341 0
4342 1
4343 2
4344 2
4345 1
4346 0
4347 0
4348 0
4349 3
4350 0
4351 0
4352 0
4353 1
4354 0
4355 1
4356 1
4357 0
4358 0
4359 2
4360 1
4361 2
4362 0
4363 2
4364 1
4365 1
4366 1
4367 0
4368 1
4369 0
4370 1
4371 2
4372 3
4373 1
4374 0
4375 0
4376 0
4377 1
4378 1
4379 1
4380 0
4381 1
4382 1
4383 2
4384 0
4385 1
4386 1
4387 1
4388 1
4389 0
4390 1
4391 0
4392 0
4393 3
4394 1
4395 1
4396 1
4397 0
4398 0
4399 0
4400 0
4401 1
4402 0
4403 0
4404 0
4405 1
4406 1
4407 1
4408 1
4409 1
4410 0
4411 0
4412 0
4413 1
4414 3
4415 1
4416 1
4417 1
4418 1
4419 1
4420 1
4421 1
4422 1
4423 0
4424 1
4425 3
4426 1
4427 3
4428 1
4429 1
4430 3
4431 3
4432 0
4433 2
4434 1
4435 0
4436 1
4437 0
4438 0
4439 1
4440 0
4441 2
4442 0
4443 0
4444 1
4445 0
4446 1
4447 3
4448 2
4449 0
4450 0
4451 1
4452 0
4453 3
4454 0
4455 1
4456 0
4457 2
4458 4
4459 0
4460 0
4461 3
4462 2
4463 0
4464 0
4465 2
4466 0
4467 1
4468 3
4469 1
4470 4
4471 1
4472 0
4473 1
4474 3
4475 0
4476 0
4477 1
4478 2
4479 2
4480 0
4481 0
4482 2
4483 0
4484 3
4485 1
4486 5
4487 0
4488 1
4489 1
4490 1
4491 1
4492 2
4493 0
4494 2
4495 1
4496 0
4497 0
4498 0
4499 0
4500 0
4501 1
4502 3
4503 0
4504 3
4505 1
4506 2
4507 1
4508 1
4509 0
4510 0
4511 0
4512 1
4513 1
4514 1
4515 1
4516 0
4517 0
4518 1
4519 0
4520 1
4521 2
4522 1
4523 2
4524 2
4525 1
4526 0
4527 2
4528 0
4529 1
4530 0
4531 1
4532 0
4533 2
4534 0
4535 2
4536 3
4537 1
4538 1
4539 0
4540 1
4541 0
4542 0
4543 0
4544 0
4545 0
4546 0
4547 1
4548 2
4549 0
4550 1
4551 1
4552 1
4553 0
4554 3
4555 0
4556 0
4557 1
4558 1
4559 0
4560 0
4561 1
4562 0
4563 2
4564 0
4565 1
4566 0
4567 0
4568 1
4569 0
4570 0
4571 3
4572 1
4573 2
4574 2
4575 2
4576 1
4577 2
4578 0
4579 1
4580 0
4581 1
4582 1
4583 2
4584 0
4585 0
4586 1
4587 1
4588 0
4589 0
4590 1
4591 1
4592 0
4593 2
4594 0
4595 1
4596 0
4597 1
4598 1
4599 0
4600 1
4601 0
4602 1
4603 1
4604 1
4605 0
4606 1
4607 3
4608 0
4609 0
4610 0
4611 0
4612 0
4613 1
4614 0
4615 2
4616 2
4617 0
4618 1
4619 0
4620 3
4621 2
4622 2
4623 1
4624 2
4625 1
4626 0
4627 1
4628 0
4629 0
4630 0
4631 3
4632 0
4633 1
4634 1
4635 3
4636 0
4637 5
4638 1
4639 1
4640 1
4641 0
4642 1
4643 0
4644 0
4645 0
4646 1
4647 0
4648 0
4649 0
4650 0
4651 1
4652 1
4653 0
4654 0
4655 2
4656 1
4657 1
4658 0
4659 0
4660 0
4661 2
4662 1
4663 2
4664 0
4665 2
4666 0
4667 0
4668 1
4669 1
4670 2
4671 2
4672 0
4673 1
4674 0
4675 1
4676 1
4677 0
4678 0
4679 0
4680 0
4681 0
4682 0
4683 0
4684 1
4685 3
4686 4
4687 1
4688 1
4689 0
4690 1
4691 0
4692 1
4693 1
4694 0
4695 0
4696 0
4697 1
4698 2
4699 4
4700 3
4701 2
4702 0
4703 0
4704 1
4705 0
4706 1
4707 2
4708 1
4709 0
4710 1
4711 2
4712 1
4713 3
4714 2
4715 2
4716 0
4717 1
4718 1
4719 4
4720 0
4721 0
4722 0
4723 3
4724 0
4725 0
4726 1
4727 1
4728 0
4729 2
4730 0
4731 0
4732 0
4733 3
4734 0
4735 0
4736 2
4737 2
4738 2
4739 0
4740 1
4741 0
4742 1
4743 0
4744 0
4745 1
4746 2
4747 0
4748 0
4749 1
4750 1
4751 0
4752 1
4753 2
4754 0
4755 3
4756 2
4757 3
4758 0
4759 0
4760 4
4761 1
4762 1
4763 0
4764 2
4765 1
4766 2
4767 0
4768 1
4769 0
4770 3
4771 0
4772 1
4773 0
4774 0
4775 0
4776 0
4777 0
4778 2
4779 2
4780 0
4781 2
4782 0
4783 3
4784 1
4785 0
4786 0
4787 2
4788 0
4789 2
4790 4
4791 1
4792 2
4793 1
4794 0
4795 0
4796 1
4797 1
4798 0
4799 0
4800 0
4801 0
4802 1
4803 0
4804 1
4805 0
4806 1
4807 0
4808 1
4809 1
4810 0
4811 0
4812 0
4813 1
4814 0
4815 1
4816 1
4817 2
4818 0
4819 0
4820 0
4821 1
4822 2
4823 1
4824 1
4825 3
4826 1
4827 0
4828 0
4829 2
4830 0
4831 1
4832 1
4833 2
4834 0
4835 0
4836 0
4837 0
4838 2
4839 1
4840 0
4841 1
4842 2
4843 2
4844 1
4845 0
4846 1
4847 0
4848 2
4849 2
4850 1
4851 0
4852 2
4853 0
4854 2
4855 3
4856 0
4857 0
4858 0
4859 1
4860 0
4861 2
4862 0
4863 0
4864 2
4865 1
4866 1
4867 1
4868 0
4869 0
4870 1
4871 2
4872 1
4873 0
4874 1
4875 2
4876 3
4877 1
4878 1
4879 0
4880 0
4881 0
4882 0
4883 0
4884 0
4885 1
4886 0
4887 0
4888 0
4889 1
4890 1
4891 2
4892 2
4893 2
4894 1
4895 1
4896 3
4897 2
4898 0
4899 0
4900 2
4901 1
4902 1
4903 1
4904 2
4905 2
4906 2
4907 0
4908 1
4909 0
4910 0
4911 2
4912 0
4913 0
4914 0
4915 0
4916 1
4917 1
4918 1
4919 1
4920 3
4921 1
4922 0
4923 1
4924 0
4925 3
4926 0
4927 0
4928 1
4929 1
4930 1
4931 0
4932 1
4933 1
4934 0
4935 0
4936 0
4937 1
4938 1
4939 2
4940 2
4941 0
4942 4
4943 2
4944 0
4945 1
4946 1
4947 1
4948 3
4949 1
4950 0
4951 0
4952 0
4953 2
4954 2
4955 1
4956 4
4957 1
4958 2
4959 0
4960 0
4961 0
4962 2
4963 0
4964 0
4965 1
4966 1
4967 3
4968 2
4969 0
4970 1
4971 1
4972 0
4973 0
4974 0
4975 2
4976 2
4977 0
4978 0
4979 2
4980 1
4981 1
4982 2
4983 1
4984 1
4985 0
4986 2
4987 1
4988 1
4989 1
4990 0
4991 2
4992 1
4993 0
4994 2
4995 0
4996 1
4997 1
4998 2
4999 2
