2 0
1 1
4 2
4 3
4 4
1 5
5 6
10 7
8 8
7 9
12 10
5 11
8 12
6 13
7 14
7 15
2 16
9 17
6 18
5 19
7 20
6 21
8 22
5 23
4 24
7 25
3 26
2 27
4 28
4 29
10 30
6 31
5 32
6 33
5 34
3 35
5 36
8 37
4 38
3 39
7 40
3 41
2 42
9 43
3 44
4 45
3 46
7 47
3 48
3 49
3 50
6 51
5 52
6 53
1 54
3 55
4 56
4 57
5 58
5 59
11 60
7 61
6 62
3 63
6 64
6 65
6 66
9 67
2 68
2 69
6 70
3 71
9 72
5 73
7 74
5 75
8 76
4 77
3 78
4 79
2 80
5 81
3 82
5 83
8 84
2 85
7 86
3 87
6 88
6 89
4 90
4 91
7 92
5 93
6 94
5 95
4 96
4 97
5 98
5 99
3 100
5 101
6 102
4 103
3 104
10 105
5 106
6 107
5 108
7 109
6 110
5 111
6 112
6 113
4 114
1 115
3 116
3 117
4 118
8 119
6 120
5 121
5 122
3 123
2 124
5 125
3 126
8 127
5 128
8 129
6 130
7 131
7 132
7 133
8 134
6 135
5 136
3 137
3 138
4 139
12 140
5 141
6 142
3 143
5 144
3 145
4 146
5 147
3 148
9 149
4 150
8 151
3 152
2 153
4 154
9 155
7 156
6 157
7 158
3 159
7 160
6 161
7 162
2 163
7 164
4 165
3 166
5 167
4 168
6 169
5 170
6 171
6 172
5 173
5 174
3 175
3 176
9 177
5 178
8 179
3 180
2 181
5 182
2 183
6 184
2 185
6 186
5 187
6 188
7 189
3 190
3 191
10 192
4 193
2 194
6 195
4 196
5 197
1 198
6 199
5 200
4 201
7 202
7 203
6 204
8 205
11 206
2 207
3 208
9 209
4 210
5 211
6 212
1 213
8 214
8 215
4 216
2 217
9 218
2 219
5 220
6 221
5 222
5 223
3 224
6 225
7 226
6 227
3 228
3 229
3 230
7 231
3 232
3 233
6 234
2 235
8 236
5 237
4 238
5 239
6 240
6 241
5 242
5 243
5 244
7 245
2 246
4 247
4 248
4 249
5 250
7 251
6 252
8 253
7 254
3 255
4 256
7 257
5 258
6 259
7 260
4 261
7 262
8 263
5 264
3 265
4 266
3 267
7 268
4 269
9 270
9 271
3 272
4 273
12 274
2 275
8 276
6 277
4 278
5 279
5 280
5 281
9 282
5 283
3 284
3 285
4 286
8 287
6 288
7 289
1 290
6 291
5 292
7 293
1 294
4 295
2 296
3 297
4 298
4 299
11 300
5 301
8 302
4 303
9 304
6 305
5 306
7 307
2 308
4 309
5 310
4 311
3 312
4 313
4 314
1 315
3 316
4 317
6 318
3 319
3 320
2 321
6 322
2 323
7 324
4 325
5 326
4 327
4 328
6 329
5 330
4 331
8 332
5 333
10 334
1 335
4 336
6 337
3 338
3 339
4 340
7 341
4 342
5 343
3 344
5 345
5 346
5 347
6 348
5 349
5 350
7 351
3 352
5 353
2 354
2 355
5 356
3 357
2 358
1 359
4 360
5 361
7 362
3 363
3 364
3 365
2 366
8 367
5 368
8 369
4 370
4 371
5 372
6 373
7 374
5 375
5 376
1 377
7 378
6 379
2 380
3 381
4 382
2 383
8 384
6 385
7 386
5 387
5 388
3 389
1 390
3 391
5 392
9 393
9 394
6 395
3 396
14 397
5 398
6 399
6 400
3 401
1 402
5 403
4 404
2 405
6 406
5 407
2 408
7 409
8 410
4 411
12 412
6 413
6 414
4 415
4 416
6 417
6 418
5 419
4 420
5 421
7 422
7 423
8 424
8 425
7 426
7 427
7 428
2 429
3 430
4 431
3 432
4 433
3 434
6 435
3 436
6 437
7 438
4 439
6 440
7 441
7 442
4 443
3 444
1 445
8 446
5 447
8 448
5 449
2 450
4 451
6 452
7 453
1 454
11 455
4 456
5 457
4 458
3 459
6 460
4 461
1 462
6 463
4 464
6 465
3 466
4 467
3 468
4 469
3 470
4 471
2 472
4 473
6 474
7 475
4 476
7 477
6 478
12 479
2 480
7 481
6 482
6 483
4 484
5 485
4 486
5 487
1 488
2 489
5 490
6 491
7 492
3 493
2 494
5 495
6 496
5 497
7 498
8 499
6 500
4 501
4 502
1 503
8 504
8 505
9 506
6 507
5 508
4 509
6 510
1 511
8 512
8 513
4 514
6 515
7 516
4 517
5 518
9 519
2 520
2 521
5 522
2 523
3 524
1 525
7 526
8 527
5 528
1 529
6 530
7 531
7 532
2 533
3 534
7 535
6 536
4 537
5 538
6 539
4 540
6 541
3 542
5 543
5 544
7 545
3 546
5 547
5 548
5 549
3 550
5 551
3 552
3 553
4 554
3 555
4 556
6 557
4 558
5 559
3 560
7 561
8 562
6 563
3 564
1 565
5 566
4 567
4 568
7 569
4 570
2 571
7 572
4 573
2 574
6 575
5 576
4 577
6 578
5 579
5 580
3 581
4 582
6 583
4 584
12 585
3 586
2 587
5 588
4 589
9 590
9 591
4 592
6 593
10 594
5 595
5 596
10 597
5 598
3 599
5 600
4 601
6 602
6 603
4 604
4 605
5 606
9 607
4 608
2 609
8 610
9 611
5 612
5 613
5 614
6 615
7 616
6 617
5 618
3 619
5 620
6 621
3 622
4 623
4 624
2 625
5 626
1 627
3 628
4 629
2 630
5 631
7 632
8 633
6 634
7 635
8 636
3 637
3 638
7 639
3 640
10 641
3 642
2 643
4 644
8 645
8 646
4 647
3 648
4 649
10 650
4 651
1 652
7 653
4 654
2 655
5 656
5 657
3 658
4 659
7 660
11 661
3 662
8 663
5 664
5 665
9 666
4 667
6 668
8 669
5 670
8 671
1 672
7 673
7 674
7 675
1 676
8 677
7 678
4 679
1 680
9 681
7 682
3 683
4 684
5 685
8 686
11 687
4 688
7 689
7 690
4 691
3 692
3 693
4 694
2 695
6 696
11 697
2 698
8 699
4 700
7 701
2 702
2 703
7 704
3 705
4 706
5 707
4 708
5 709
5 710
4 711
6 712
2 713
7 714
11 715
4 716
2 717
6 718
6 719
2 720
3 721
9 722
4 723
3 724
6 725
7 726
8 727
4 728
3 729
2 730
3 731
3 732
11 733
2 734
1 735
2 736
2 737
9 738
3 739
2 740
4 741
4 742
3 743
9 744
9 745
7 746
3 747
3 748
5 749
4 750
6 751
6 752
5 753
4 754
4 755
7 756
4 757
4 758
2 759
6 760
6 761
7 762
4 763
1 764
7 765
4 766
3 767
6 768
2 769
5 770
4 771
11 772
2 773
4 774
3 775
3 776
5 777
5 778
4 779
4 780
7 781
4 782
5 783
4 784
6 785
3 786
10 787
8 788
7 789
4 790
3 791
3 792
9 793
3 794
3 795
6 796
5 797
7 798
8 799
3 800
9 801
2 802
2 803
8 804
2 805
6 806
2 807
7 808
7 809
9 810
8 811
6 812
6 813
4 814
7 815
2 816
3 817
2 818
6 819
1 820
3 821
4 822
8 823
6 824
4 825
3 826
7 827
4 828
5 829
5 830
7 831
5 832
11 833
5 834
5 835
4 836
9 837
4 838
4 839
6 840
3 841
4 842
3 843
2 844
8 845
6 846
5 847
12 848
10 849
3 850
1 851
7 852
4 853
7 854
7 855
3 856
5 857
1 858
2 859
6 860
4 861
5 862
2 863
9 864
11 865
6 866
8 867
8 868
6 869
4 870
7 871
4 872
5 873
2 874
5 875
6 876
4 877
3 878
6 879
1 880
5 881
3 882
1 883
6 884
8 885
6 886
11 887
4 888
6 889
9 890
6 891
5 892
8 893
5 894
5 895
3 896
2 897
2 898
8 899
6 900
4 901
2 902
6 903
6 904
5 905
5 906
6 907
3 908
10 909
6 910
6 911
3 912
8 913
8 914
5 915
2 916
5 917
3 918
7 919
2 920
12 921
7 922
6 923
4 924
3 925
5 926
7 927
6 928
3 929
6 930
2 931
5 932
3 933
6 934
2 935
3 936
5 937
3 938
6 939
7 940
7 941
8 942
3 943
4 944
5 945
5 946
2 947
3 948
4 949
3 950
2 951
3 952
1 953
5 954
5 955
6 956
5 957
6 958
7 959
7 960
5 961
6 962
6 963
7 964
1 965
10 966
7 967
5 968
1 969
1 970
3 971
5 972
10 973
6 974
6 975
2 976
8 977
3 978
6 979
6 980
3 981
1 982
4 983
7 984
6 985
2 986
2 987
8 988
7 989
5 990
5 991
5 992
2 993
9 994
2 995
3 996
4 997
7 998
3 999
5 1000
3 1001
4 1002
6 1003
5 1004
6 1005
5 1006
5 1007
6 1008
5 1009
2 1010
4 1011
5 1012
7 1013
6 1014
3 1015
7 1016
4 1017
9 1018
6 1019
6 1020
5 1021
10 1022
5 1023
7 1024
4 1025
8 1026
4 1027
5 1028
2 1029
5 1030
3 1031
4 1032
6 1033
7 1034
4 1035
6 1036
6 1037
4 1038
3 1039
5 1040
8 1041
1 1042
2 1043
5 1044
6 1045
7 1046
4 1047
5 1048
2 1049
7 1050
4 1051
7 1052
6 1053
5 1054
3 1055
7 1056
5 1057
6 1058
3 1059
4 1060
9 1061
4 1062
5 1063
2 1064
5 1065
2 1066
4 1067
2 1068
2 1069
8 1070
4 1071
7 1072
7 1073
4 1074
3 1075
4 1076
5 1077
7 1078
8 1079
2 1080
5 1081
2 1082
5 1083
5 1084
6 1085
4 1086
6 1087
4 1088
6 1089
5 1090
6 1091
4 1092
6 1093
6 1094
4 1095
3 1096
3 1097
5 1098
9 1099
4 1100
6 1101
7 1102
5 1103
5 1104
3 1105
6 1106
5 1107
5 1108
5 1109
2 1110
5 1111
5 1112
6 1113
4 1114
9 1115
6 1116
4 1117
4 1118
7 1119
7 1120
6 1121
1 1122
6 1123
3 1124
7 1125
4 1126
4 1127
4 1128
5 1129
8 1130
6 1131
8 1132
6 1133
3 1134
7 1135
8 1136
3 1137
5 1138
2 1139
5 1140
6 1141
5 1142
4 1143
10 1144
2 1145
2 1146
2 1147
1 1148
6 1149
9 1150
5 1151
5 1152
5 1153
6 1154
4 1155
1 1156
5 1157
9 1158
4 1159
5 1160
7 1161
6 1162
5 1163
5 1164
11 1165
6 1166
4 1167
3 1168
11 1169
5 1170
9 1171
3 1172
6 1173
6 1174
9 1175
3 1176
6 1177
8 1178
7 1179
8 1180
4 1181
10 1182
4 1183
6 1184
3 1185
5 1186
5 1187
2 1188
6 1189
5 1190
6 1191
5 1192
6 1193
4 1194
3 1195
3 1196
5 1197
8 1198
4 1199
5 1200
6 1201
2 1202
5 1203
5 1204
4 1205
5 1206
9 1207
4 1208
5 1209
1 1210
6 1211
2 1212
2 1213
8 1214
2 1215
2 1216
7 1217
7 1218
9 1219
7 1220
5 1221
3 1222
7 1223
7 1224
7 1225
2 1226
6 1227
6 1228
5 1229
4 1230
4 1231
3 1232
3 1233
2 1234
13 1235
5 1236
3 1237
5 1238
7 1239
8 1240
3 1241
6 1242
3 1243
9 1244
2 1245
5 1246
8 1247
5 1248
9 1249
2 1250
2 1251
6 1252
7 1253
4 1254
4 1255
4 1256
3 1257
6 1258
4 1259
2 1260
7 1261
4 1262
5 1263
3 1264
2 1265
6 1266
6 1267
15 1268
2 1269
2 1270
4 1271
4 1272
6 1273
3 1274
8 1275
5 1276
5 1277
9 1278
7 1279
5 1280
7 1281
5 1282
4 1283
5 1284
2 1285
3 1286
7 1287
3 1288
5 1289
4 1290
8 1291
5 1292
5 1293
5 1294
7 1295
2 1296
4 1297
4 1298
3 1299
5 1300
9 1301
5 1302
6 1303
7 1304
4 1305
7 1306
6 1307
2 1308
5 1309
7 1310
2 1311
6 1312
4 1313
3 1314
7 1315
4 1316
6 1317
8 1318
9 1319
4 1320
1 1321
2 1322
6 1323
3 1324
10 1325
7 1326
3 1327
5 1328
3 1329
4 1330
4 1331
7 1332
6 1333
1 1334
3 1335
2 1336
4 1337
7 1338
4 1339
4 1340
6 1341
5 1342
7 1343
9 1344
3 1345
3 1346
3 1347
9 1348
3 1349
3 1350
4 1351
4 1352
5 1353
5 1354
8 1355
7 1356
8 1357
3 1358
5 1359
6 1360
2 1361
4 1362
7 1363
1 1364
5 1365
9 1366
5 1367
5 1368
4 1369
7 1370
5 1371
1 1372
10 1373
4 1374
4 1375
5 1376
7 1377
5 1378
5 1379
4 1380
2 1381
7 1382
5 1383
4 1384
2 1385
4 1386
4 1387
4 1388
8 1389
7 1390
3 1391
3 1392
5 1393
5 1394
8 1395
3 1396
2 1397
3 1398
8 1399
4 1400
4 1401
4 1402
4 1403
8 1404
5 1405
6 1406
8 1407
4 1408
2 1409
4 1410
2 1411
7 1412
8 1413
2 1414
1 1415
3 1416
8 1417
5 1418
4 1419
7 1420
5 1421
9 1422
3 1423
8 1424
5 1425
4 1426
4 1427
1 1428
2 1429
9 1430
3 1431
8 1432
4 1433
8 1434
5 1435
2 1436
3 1437
5 1438
5 1439
4 1440
6 1441
2 1442
8 1443
3 1444
2 1445
3 1446
2 1447
8 1448
5 1449
3 1450
7 1451
4 1452
2 1453
6 1454
3 1455
3 1456
2 1457
6 1458
6 1459
10 1460
5 1461
11 1462
6 1463
7 1464
4 1465
4 1466
6 1467
5 1468
7 1469
5 1470
4 1471
3 1472
8 1473
10 1474
6 1475
2 1476
7 1477
8 1478
7 1479
9 1480
2 1481
2 1482
4 1483
4 1484
6 1485
4 1486
4 1487
3 1488
4 1489
6 1490
5 1491
6 1492
8 1493
7 1494
6 1495
3 1496
4 1497
6 1498
5 1499
5 1500
6 1501
6 1502
4 1503
4 1504
4 1505
10 1506
4 1507
2 1508
5 1509
5 1510
1 1511
7 1512
3 1513
3 1514
3 1515
6 1516
6 1517
6 1518
4 1519
5 1520
4 1521
1 1522
8 1523
3 1524
4 1525
5 1526
5 1527
7 1528
7 1529
4 1530
4 1531
4 1532
7 1533
3 1534
5 1535
6 1536
5 1537
3 1538
5 1539
5 1540
3 1541
6 1542
6 1543
9 1544
3 1545
3 1546
8 1547
5 1548
7 1549
4 1550
2 1551
7 1552
4 1553
2 1554
4 1555
6 1556
3 1557
5 1558
4 1559
6 1560
3 1561
4 1562
5 1563
5 1564
10 1565
7 1566
4 1567
4 1568
6 1569
4 1570
5 1571
3 1572
9 1573
4 1574
4 1575
3 1576
4 1577
4 1578
2 1579
5 1580
8 1581
3 1582
6 1583
9 1584
2 1585
2 1586
6 1587
2 1588
4 1589
2 1590
5 1591
6 1592
6 1593
7 1594
7 1595
11 1596
5 1597
6 1598
5 1599
6 1600
3 1601
6 1602
5 1603
3 1604
7 1605
2 1606
3 1607
6 1608
4 1609
5 1610
7 1611
7 1612
4 1613
2 1614
9 1615
8 1616
4 1617
5 1618
6 1619
3 1620
2 1621
4 1622
6 1623
3 1624
6 1625
8 1626
6 1627
3 1628
4 1629
4 1630
4 1631
3 1632
5 1633
5 1634
11 1635
6 1636
4 1637
5 1638
4 1639
2 1640
3 1641
5 1642
5 1643
3 1644
4 1645
6 1646
4 1647
3 1648
5 1649
2 1650
7 1651
5 1652
5 1653
6 1654
3 1655
6 1656
6 1657
2 1658
2 1659
7 1660
3 1661
7 1662
7 1663
6 1664
6 1665
6 1666
9 1667
8 1668
4 1669
4 1670
6 1671
5 1672
11 1673
2 1674
4 1675
7 1676
6 1677
6 1678
8 1679
4 1680
5 1681
3 1682
2 1683
9 1684
2 1685
7 1686
5 1687
6 1688
8 1689
3 1690
6 1691
3 1692
3 1693
7 1694
5 1695
7 1696
8 1697
4 1698
4 1699
9 1700
5 1701
1 1702
5 1703
5 1704
4 1705
4 1706
6 1707
4 1708
6 1709
4 1710
3 1711
2 1712
1 1713
9 1714
7 1715
5 1716
2 1717
9 1718
1 1719
6 1720
5 1721
5 1722
8 1723
4 1724
10 1725
7 1726
5 1727
4 1728
3 1729
8 1730
9 1731
5 1732
3 1733
6 1734
3 1735
3 1736
4 1737
7 1738
4 1739
2 1740
3 1741
6 1742
4 1743
6 1744
6 1745
6 1746
4 1747
8 1748
9 1749
5 1750
6 1751
5 1752
5 1753
5 1754
3 1755
1 1756
2 1757
5 1758
6 1759
9 1760
1 1761
4 1762
3 1763
4 1764
5 1765
4 1766
4 1767
2 1768
5 1769
12 1770
12 1771
9 1772
6 1773
3 1774
7 1775
10 1776
4 1777
5 1778
7 1779
2 1780
3 1781
1 1782
3 1783
5 1784
11 1785
9 1786
7 1787
4 1788
3 1789
3 1790
3 1791
4 1792
6 1793
5 1794
1 1795
3 1796
4 1797
8 1798
3 1799
8 1800
9 1801
8 1802
5 1803
6 1804
9 1805
4 1806
5 1807
5 1808
7 1809
1 1810
5 1811
8 1812
8 1813
3 1814
6 1815
3 1816
2 1817
5 1818
3 1819
3 1820
5 1821
2 1822
3 1823
3 1824
5 1825
5 1826
7 1827
4 1828
6 1829
2 1830
6 1831
5 1832
9 1833
1 1834
2 1835
5 1836
4 1837
7 1838
4 1839
10 1840
9 1841
1 1842
3 1843
6 1844
8 1845
7 1846
6 1847
4 1848
5 1849
5 1850
4 1851
10 1852
5 1853
6 1854
5 1855
4 1856
6 1857
5 1858
5 1859
4 1860
2 1861
2 1862
5 1863
3 1864
3 1865
6 1866
7 1867
7 1868
5 1869
2 1870
5 1871
5 1872
5 1873
7 1874
7 1875
7 1876
1 1877
5 1878
4 1879
11 1880
4 1881
4 1882
4 1883
4 1884
5 1885
4 1886
9 1887
7 1888
4 1889
3 1890
4 1891
6 1892
4 1893
3 1894
7 1895
5 1896
7 1897
4 1898
3 1899
1 1900
3 1901
1 1902
9 1903
2 1904
5 1905
4 1906
8 1907
2 1908
5 1909
4 1910
9 1911
3 1912
8 1913
6 1914
6 1915
3 1916
5 1917
5 1918
7 1919
6 1920
8 1921
8 1922
2 1923
5 1924
8 1925
10 1926
4 1927
4 1928
2 1929
6 1930
6 1931
4 1932
6 1933
9 1934
6 1935
3 1936
9 1937
3 1938
4 1939
4 1940
2 1941
8 1942
7 1943
4 1944
10 1945
6 1946
3 1947
3 1948
5 1949
7 1950
6 1951
1 1952
6 1953
6 1954
5 1955
6 1956
2 1957
3 1958
4 1959
6 1960
4 1961
5 1962
6 1963
2 1964
7 1965
2 1966
4 1967
3 1968
2 1969
5 1970
7 1971
5 1972
3 1973
2 1974
4 1975
9 1976
9 1977
5 1978
5 1979
2 1980
6 1981
7 1982
4 1983
4 1984
1 1985
4 1986
4 1987
2 1988
3 1989
3 1990
2 1991
5 1992
7 1993
4 1994
4 1995
2 1996
3 1997
3 1998
6 1999
5 2000
2 2001
7 2002
11 2003
2 2004
5 2005
3 2006
5 2007
3 2008
8 2009
8 2010
7 2011
8 2012
6 2013
9 2014
3 2015
8 2016
5 2017
5 2018
8 2019
3 2020
4 2021
2 2022
7 2023
5 2024
3 2025
5 2026
5 2027
6 2028
6 2029
4 2030
3 2031
10 2032
8 2033
8 2034
4 2035
7 2036
5 2037
3 2038
3 2039
6 2040
4 2041
7 2042
4 2043
5 2044
5 2045
5 2046
9 2047
3 2048
2 2049
4 2050
6 2051
3 2052
8 2053
3 2054
4 2055
7 2056
3 2057
8 2058
5 2059
2 2060
6 2061
5 2062
4 2063
7 2064
6 2065
5 2066
8 2067
4 2068
7 2069
6 2070
7 2071
9 2072
5 2073
2 2074
4 2075
9 2076
5 2077
3 2078
7 2079
4 2080
2 2081
4 2082
4 2083
6 2084
2 2085
9 2086
9 2087
5 2088
10 2089
3 2090
3 2091
6 2092
4 2093
6 2094
5 2095
5 2096
6 2097
1 2098
4 2099
7 2100
6 2101
4 2102
9 2103
3 2104
6 2105
4 2106
3 2107
6 2108
4 2109
5 2110
5 2111
4 2112
7 2113
3 2114
5 2115
2 2116
8 2117
3 2118
6 2119
8 2120
1 2121
5 2122
3 2123
6 2124
5 2125
5 2126
5 2127
6 2128
6 2129
2 2130
5 2131
4 2132
5 2133
8 2134
3 2135
7 2136
8 2137
2 2138
6 2139
2 2140
3 2141
7 2142
5 2143
4 2144
6 2145
8 2146
8 2147
5 2148
3 2149
5 2150
3 2151
5 2152
3 2153
8 2154
2 2155
1 2156
8 2157
7 2158
4 2159
5 2160
8 2161
2 2162
1 2163
4 2164
4 2165
3 2166
6 2167
1 2168
6 2169
4 2170
3 2171
9 2172
5 2173
3 2174
1 2175
7 2176
3 2177
4 2178
5 2179
1 2180
10 2181
4 2182
6 2183
3 2184
11 2185
5 2186
10 2187
7 2188
5 2189
5 2190
7 2191
2 2192
8 2193
5 2194
8 2195
9 2196
5 2197
5 2198
5 2199
6 2200
3 2201
5 2202
5 2203
6 2204
5 2205
5 2206
3 2207
8 2208
4 2209
4 2210
6 2211
5 2212
3 2213
3 2214
3 2215
4 2216
3 2217
3 2218
3 2219
4 2220
6 2221
9 2222
2 2223
8 2224
4 2225
3 2226
5 2227
8 2228
3 2229
5 2230
4 2231
9 2232
4 2233
2 2234
6 2235
6 2236
3 2237
5 2238
5 2239
5 2240
7 2241
3 2242
5 2243
4 2244
9 2245
10 2246
7 2247
6 2248
7 2249
4 2250
4 2251
13 2252
5 2253
5 2254
6 2255
6 2256
7 2257
3 2258
5 2259
7 2260
7 2261
1 2262
5 2263
3 2264
8 2265
5 2266
7 2267
2 2268
11 2269
5 2270
4 2271
3 2272
4 2273
4 2274
10 2275
3 2276
2 2277
1 2278
3 2279
4 2280
4 2281
7 2282
5 2283
3 2284
8 2285
6 2286
7 2287
8 2288
3 2289
3 2290
6 2291
3 2292
13 2293
3 2294
3 2295
3 2296
5 2297
8 2298
8 2299
4 2300
6 2301
8 2302
6 2303
4 2304
5 2305
7 2306
3 2307
2 2308
3 2309
4 2310
8 2311
7 2312
4 2313
5 2314
3 2315
5 2316
4 2317
3 2318
3 2319
5 2320
4 2321
2 2322
4 2323
4 2324
3 2325
4 2326
6 2327
6 2328
4 2329
6 2330
3 2331
5 2332
2 2333
5 2334
3 2335
6 2336
6 2337
8 2338
3 2339
7 2340
3 2341
7 2342
4 2343
8 2344
2 2345
3 2346
7 2347
6 2348
3 2349
4 2350
4 2351
5 2352
6 2353
4 2354
5 2355
9 2356
4 2357
9 2358
3 2359
9 2360
7 2361
3 2362
6 2363
2 2364
6 2365
5 2366
5 2367
7 2368
7 2369
4 2370
5 2371
5 2372
6 2373
6 2374
7 2375
3 2376
3 2377
4 2378
4 2379
8 2380
3 2381
7 2382
6 2383
2 2384
7 2385
6 2386
3 2387
6 2388
6 2389
3 2390
4 2391
4 2392
4 2393
2 2394
4 2395
1 2396
2 2397
4 2398
7 2399
4 2400
6 2401
2 2402
7 2403
5 2404
2 2405
7 2406
2 2407
7 2408
2 2409
5 2410
3 2411
3 2412
7 2413
5 2414
5 2415
5 2416
6 2417
4 2418
5 2419
4 2420
7 2421
5 2422
9 2423
5 2424
5 2425
4 2426
3 2427
4 2428
2 2429
6 2430
3 2431
3 2432
6 2433
7 2434
5 2435
3 2436
6 2437
3 2438
5 2439
8 2440
5 2441
8 2442
3 2443
3 2444
3 2445
5 2446
5 2447
4 2448
2 2449
6 2450
7 2451
9 2452
7 2453
4 2454
2 2455
6 2456
8 2457
5 2458
8 2459
3 2460
5 2461
5 2462
4 2463
2 2464
7 2465
3 2466
8 2467
2 2468
6 2469
5 2470
6 2471
3 2472
4 2473
2 2474
5 2475
8 2476
5 2477
9 2478
4 2479
2 2480
9 2481
11 2482
1 2483
12 2484
5 2485
7 2486
5 2487
3 2488
7 2489
5 2490
4 2491
5 2492
5 2493
4 2494
9 2495
8 2496
1 2497
9 2498
6 2499
5 2500
6 2501
6 2502
6 2503
2 2504
1 2505
4 2506
5 2507
3 2508
10 2509
3 2510
2 2511
1 2512
6 2513
6 2514
3 2515
2 2516
1 2517
5 2518
7 2519
5 2520
5 2521
4 2522
7 2523
3 2524
8 2525
4 2526
7 2527
4 2528
5 2529
10 2530
5 2531
4 2532
5 2533
3 2534
9 2535
7 2536
4 2537
4 2538
5 2539
3 2540
5 2541
7 2542
6 2543
5 2544
5 2545
9 2546
4 2547
5 2548
8 2549
2 2550
2 2551
4 2552
4 2553
5 2554
6 2555
8 2556
5 2557
3 2558
6 2559
4 2560
9 2561
5 2562
7 2563
7 2564
2 2565
4 2566
5 2567
6 2568
6 2569
8 2570
4 2571
3 2572
2 2573
3 2574
3 2575
7 2576
4 2577
6 2578
6 2579
11 2580
4 2581
5 2582
8 2583
4 2584
8 2585
5 2586
4 2587
7 2588
1 2589
8 2590
5 2591
7 2592
3 2593
9 2594
8 2595
2 2596
3 2597
3 2598
3 2599
4 2600
3 2601
6 2602
4 2603
4 2604
1 2605
1 2606
6 2607
4 2608
7 2609
4 2610
5 2611
5 2612
4 2613
6 2614
2 2615
9 2616
8 2617
11 2618
6 2619
8 2620
9 2621
5 2622
11 2623
1 2624
5 2625
4 2626
4 2627
5 2628
5 2629
4 2630
7 2631
2 2632
6 2633
4 2634
7 2635
1 2636
9 2637
9 2638
4 2639
6 2640
6 2641
3 2642
6 2643
9 2644
9 2645
7 2646
7 2647
8 2648
2 2649
8 2650
5 2651
8 2652
2 2653
7 2654
8 2655
3 2656
6 2657
6 2658
3 2659
6 2660
6 2661
7 2662
6 2663
7 2664
3 2665
3 2666
5 2667
7 2668
8 2669
4 2670
4 2671
5 2672
3 2673
7 2674
5 2675
4 2676
5 2677
3 2678
7 2679
3 2680
6 2681
8 2682
10 2683
8 2684
3 2685
5 2686
4 2687
5 2688
7 2689
6 2690
5 2691
3 2692
6 2693
5 2694
2 2695
6 2696
1 2697
5 2698
5 2699
2 2700
2 2701
5 2702
1 2703
4 2704
8 2705
5 2706
7 2707
3 2708
6 2709
4 2710
4 2711
4 2712
3 2713
6 2714
5 2715
6 2716
7 2717
3 2718
1 2719
8 2720
5 2721
2 2722
1 2723
5 2724
5 2725
8 2726
2 2727
5 2728
2 2729
4 2730
3 2731
8 2732
10 2733
6 2734
1 2735
2 2736
6 2737
4 2738
6 2739
1 2740
6 2741
2 2742
4 2743
5 2744
4 2745
6 2746
3 2747
4 2748
7 2749
5 2750
6 2751
10 2752
5 2753
2 2754
7 2755
4 2756
6 2757
4 2758
5 2759
3 2760
6 2761
3 2762
5 2763
3 2764
3 2765
4 2766
4 2767
6 2768
6 2769
6 2770
5 2771
3 2772
6 2773
10 2774
4 2775
6 2776
7 2777
5 2778
2 2779
3 2780
6 2781
2 2782
3 2783
12 2784
3 2785
5 2786
2 2787
4 2788
4 2789
2 2790
10 2791
4 2792
5 2793
2 2794
2 2795
3 2796
6 2797
5 2798
2 2799
5 2800
4 2801
7 2802
6 2803
6 2804
6 2805
4 2806
3 2807
5 2808
4 2809
7 2810
11 2811
7 2812
8 2813
6 2814
7 2815
2 2816
5 2817
3 2818
5 2819
3 2820
8 2821
6 2822
7 2823
3 2824
5 2825
7 2826
6 2827
6 2828
3 2829
3 2830
4 2831
3 2832
12 2833
6 2834
4 2835
4 2836
6 2837
10 2838
2 2839
9 2840
4 2841
6 2842
3 2843
3 2844
2 2845
6 2846
3 2847
3 2848
2 2849
7 2850
4 2851
7 2852
4 2853
7 2854
7 2855
5 2856
4 2857
3 2858
8 2859
10 2860
3 2861
6 2862
3 2863
5 2864
6 2865
5 2866
5 2867
2 2868
7 2869
3 2870
5 2871
3 2872
3 2873
3 2874
8 2875
8 2876
8 2877
4 2878
5 2879
4 2880
3 2881
4 2882
3 2883
6 2884
6 2885
4 2886
5 2887
6 2888
6 2889
8 2890
4 2891
3 2892
3 2893
6 2894
5 2895
6 2896
4 2897
10 2898
8 2899
8 2900
10 2901
9 2902
9 2903
3 2904
4 2905
3 2906
6 2907
2 2908
7 2909
8 2910
7 2911
4 2912
6 2913
2 2914
3 2915
6 2916
4 2917
5 2918
8 2919
3 2920
1 2921
2 2922
4 2923
5 2924
6 2925
6 2926
5 2927
6 2928
6 2929
8 2930
4 2931
2 2932
4 2933
5 2934
2 2935
6 2936
8 2937
4 2938
5 2939
4 2940
7 2941
7 2942
5 2943
4 2944
2 2945
4 2946
7 2947
3 2948
1 2949
5 2950
7 2951
7 2952
12 2953
8 2954
10 2955
5 2956
7 2957
4 2958
6 2959
6 2960
1 2961
9 2962
4 2963
4 2964
3 2965
1 2966
2 2967
4 2968
1 2969
6 2970
8 2971
4 2972
9 2973
5 2974
4 2975
6 2976
5 2977
4 2978
6 2979
5 2980
4 2981
5 2982
3 2983
6 2984
5 2985
3 2986
6 2987
3 2988
4 2989
4 2990
5 2991
4 2992
3 2993
5 2994
5 2995
8 2996
7 2997
3 2998
5 2999
3 3000
4 3001
7 3002
7 3003
3 3004
3 3005
1 3006
3 3007
4 3008
6 3009
9 3010
6 3011
4 3012
4 3013
4 3014
6 3015
6 3016
6 3017
4 3018
6 3019
4 3020
9 3021
4 3022
1 3023
4 3024
5 3025
3 3026
4 3027
5 3028
7 3029
8 3030
5 3031
5 3032
11 3033
4 3034
9 3035
6 3036
1 3037
5 3038
4 3039
3 3040
4 3041
6 3042
5 3043
8 3044
2 3045
5 3046
4 3047
5 3048
2 3049
1 3050
8 3051
6 3052
4 3053
1 3054
4 3055
3 3056
3 3057
6 3058
5 3059
1 3060
7 3061
4 3062
6 3063
3 3064
3 3065
10 3066
7 3067
6 3068
6 3069
4 3070
4 3071
3 3072
6 3073
1 3074
2 3075
9 3076
5 3077
5 3078
2 3079
8 3080
7 3081
1 3082
4 3083
10 3084
3 3085
2 3086
4 3087
5 3088
7 3089
6 3090
4 3091
5 3092
4 3093
3 3094
8 3095
3 3096
7 3097
7 3098
9 3099
4 3100
3 3101
2 3102
3 3103
7 3104
6 3105
4 3106
8 3107
6 3108
3 3109
5 3110
6 3111
7 3112
5 3113
7 3114
8 3115
5 3116
4 3117
9 3118
2 3119
3 3120
6 3121
5 3122
4 3123
4 3124
5 3125
9 3126
7 3127
5 3128
6 3129
6 3130
5 3131
6 3132
9 3133
1 3134
6 3135
2 3136
5 3137
7 3138
6 3139
6 3140
8 3141
9 3142
2 3143
5 3144
2 3145
6 3146
5 3147
5 3148
4 3149
6 3150
5 3151
7 3152
6 3153
5 3154
2 3155
5 3156
12 3157
9 3158
7 3159
3 3160
4 3161
7 3162
2 3163
12 3164
4 3165
3 3166
12 3167
12 3168
4 3169
5 3170
4 3171
8 3172
5 3173
6 3174
7 3175
8 3176
4 3177
8 3178
2 3179
2 3180
4 3181
5 3182
3 3183
8 3184
5 3185
6 3186
7 3187
4 3188
5 3189
4 3190
3 3191
4 3192
2 3193
6 3194
4 3195
5 3196
7 3197
6 3198
9 3199
7 3200
4 3201
5 3202
3 3203
2 3204
6 3205
1 3206
5 3207
6 3208
1 3209
3 3210
4 3211
6 3212
5 3213
9 3214
11 3215
10 3216
6 3217
10 3218
3 3219
5 3220
10 3221
7 3222
4 3223
4 3224
4 3225
4 3226
9 3227
6 3228
7 3229
4 3230
6 3231
3 3232
7 3233
5 3234
4 3235
7 3236
8 3237
7 3238
7 3239
6 3240
2 3241
3 3242
3 3243
7 3244
5 3245
4 3246
7 3247
7 3248
4 3249
4 3250
3 3251
6 3252
4 3253
6 3254
4 3255
12 3256
5 3257
10 3258
3 3259
3 3260
3 3261
3 3262
8 3263
7 3264
8 3265
6 3266
4 3267
5 3268
4 3269
8 3270
2 3271
3 3272
1 3273
3 3274
5 3275
4 3276
6 3277
9 3278
9 3279
6 3280
4 3281
2 3282
5 3283
11 3284
10 3285
7 3286
4 3287
3 3288
2 3289
3 3290
1 3291
4 3292
3 3293
6 3294
8 3295
5 3296
11 3297
5 3298
5 3299
6 3300
7 3301
3 3302
12 3303
5 3304
5 3305
5 3306
5 3307
1 3308
9 3309
6 3310
4 3311
3 3312
4 3313
4 3314
5 3315
5 3316
7 3317
8 3318
3 3319
8 3320
5 3321
4 3322
7 3323
7 3324
7 3325
5 3326
8 3327
5 3328
1 3329
1 3330
3 3331
5 3332
5 3333
6 3334
2 3335
3 3336
2 3337
5 3338
3 3339
3 3340
6 3341
4 3342
5 3343
4 3344
7 3345
8 3346
3 3347
5 3348
8 3349
7 3350
6 3351
10 3352
8 3353
7 3354
5 3355
2 3356
3 3357
4 3358
10 3359
4 3360
3 3361
8 3362
7 3363
4 3364
10 3365
2 3366
2 3367
4 3368
2 3369
2 3370
3 3371
5 3372
3 3373
4 3374
4 3375
3 3376
7 3377
4 3378
6 3379
3 3380
4 3381
3 3382
2 3383
3 3384
5 3385
6 3386
8 3387
5 3388
8 3389
7 3390
7 3391
4 3392
6 3393
6 3394
5 3395
5 3396
9 3397
3 3398
4 3399
3 3400
4 3401
2 3402
9 3403
7 3404
8 3405
2 3406
6 3407
1 3408
4 3409
5 3410
9 3411
6 3412
10 3413
5 3414
6 3415
1 3416
5 3417
7 3418
5 3419
4 3420
3 3421
7 3422
6 3423
3 3424
9 3425
6 3426
3 3427
5 3428
2 3429
5 3430
6 3431
9 3432
4 3433
7 3434
6 3435
10 3436
4 3437
5 3438
7 3439
7 3440
4 3441
6 3442
6 3443
2 3444
2 3445
4 3446
6 3447
1 3448
6 3449
6 3450
4 3451
3 3452
4 3453
5 3454
3 3455
1 3456
3 3457
5 3458
4 3459
4 3460
6 3461
10 3462
7 3463
2 3464
8 3465
7 3466
4 3467
2 3468
9 3469
7 3470
4 3471
3 3472
6 3473
3 3474
2 3475
5 3476
4 3477
4 3478
4 3479
7 3480
6 3481
1 3482
5 3483
4 3484
6 3485
5 3486
4 3487
5 3488
2 3489
5 3490
4 3491
5 3492
10 3493
7 3494
4 3495
4 3496
5 3497
7 3498
7 3499
5 3500
4 3501
6 3502
5 3503
4 3504
4 3505
6 3506
5 3507
3 3508
8 3509
4 3510
6 3511
4 3512
4 3513
1 3514
7 3515
5 3516
3 3517
1 3518
3 3519
7 3520
6 3521
4 3522
6 3523
3 3524
4 3525
9 3526
5 3527
5 3528
5 3529
4 3530
6 3531
7 3532
3 3533
1 3534
4 3535
7 3536
3 3537
10 3538
8 3539
8 3540
6 3541
5 3542
6 3543
2 3544
2 3545
11 3546
8 3547
8 3548
1 3549
1 3550
1 3551
9 3552
4 3553
7 3554
11 3555
4 3556
2 3557
8 3558
7 3559
10 3560
9 3561
3 3562
3 3563
5 3564
4 3565
2 3566
5 3567
4 3568
6 3569
12 3570
5 3571
3 3572
5 3573
9 3574
5 3575
4 3576
3 3577
8 3578
2 3579
4 3580
8 3581
5 3582
9 3583
5 3584
8 3585
4 3586
3 3587
5 3588
6 3589
12 3590
9 3591
7 3592
4 3593
3 3594
4 3595
5 3596
5 3597
8 3598
6 3599
5 3600
5 3601
4 3602
11 3603
8 3604
5 3605
8 3606
2 3607
8 3608
7 3609
4 3610
5 3611
6 3612
6 3613
4 3614
3 3615
2 3616
4 3617
3 3618
5 3619
6 3620
6 3621
5 3622
6 3623
4 3624
3 3625
5 3626
6 3627
2 3628
6 3629
3 3630
5 3631
5 3632
5 3633
5 3634
3 3635
4 3636
6 3637
3 3638
2 3639
4 3640
4 3641
10 3642
4 3643
3 3644
6 3645
4 3646
5 3647
2 3648
3 3649
7 3650
6 3651
5 3652
10 3653
6 3654
5 3655
1 3656
4 3657
6 3658
9 3659
3 3660
4 3661
3 3662
5 3663
10 3664
3 3665
5 3666
5 3667
6 3668
3 3669
6 3670
5 3671
5 3672
5 3673
13 3674
4 3675
10 3676
8 3677
8 3678
3 3679
10 3680
8 3681
5 3682
8 3683
5 3684
7 3685
2 3686
4 3687
4 3688
2 3689
6 3690
5 3691
5 3692
8 3693
3 3694
3 3695
4 3696
6 3697
4 3698
4 3699
4 3700
4 3701
5 3702
9 3703
7 3704
4 3705
5 3706
10 3707
5 3708
5 3709
8 3710
4 3711
6 3712
5 3713
5 3714
2 3715
9 3716
5 3717
4 3718
6 3719
5 3720
2 3721
5 3722
6 3723
3 3724
5 3725
5 3726
4 3727
2 3728
4 3729
5 3730
7 3731
4 3732
2 3733
5 3734
6 3735
10 3736
3 3737
4 3738
6 3739
1 3740
6 3741
3 3742
3 3743
2 3744
4 3745
10 3746
6 3747
1 3748
3 3749
7 3750
4 3751
4 3752
8 3753
10 3754
6 3755
4 3756
11 3757
6 3758
7 3759
1 3760
5 3761
5 3762
3 3763
4 3764
7 3765
6 3766
4 3767
3 3768
12 3769
5 3770
3 3771
4 3772
3 3773
6 3774
7 3775
6 3776
6 3777
7 3778
6 3779
5 3780
5 3781
6 3782
5 3783
4 3784
4 3785
3 3786
5 3787
3 3788
2 3789
5 3790
6 3791
4 3792
9 3793
6 3794
4 3795
6 3796
4 3797
7 3798
6 3799
5 3800
4 3801
1 3802
3 3803
4 3804
2 3805
5 3806
2 3807
3 3808
3 3809
6 3810
9 3811
5 3812
3 3813
6 3814
5 3815
6 3816
5 3817
7 3818
2 3819
5 3820
4 3821
5 3822
4 3823
3 3824
8 3825
3 3826
6 3827
6 3828
4 3829
7 3830
6 3831
2 3832
5 3833
6 3834
4 3835
8 3836
4 3837
4 3838
6 3839
2 3840
5 3841
2 3842
6 3843
4 3844
8 3845
8 3846
3 3847
5 3848
11 3849
5 3850
3 3851
4 3852
2 3853
3 3854
4 3855
5 3856
7 3857
8 3858
9 3859
4 3860
5 3861
6 3862
3 3863
5 3864
4 3865
8 3866
8 3867
2 3868
5 3869
6 3870
6 3871
7 3872
4 3873
10 3874
3 3875
5 3876
9 3877
5 3878
3 3879
2 3880
9 3881
4 3882
9 3883
4 3884
6 3885
4 3886
7 3887
9 3888
1 3889
5 3890
6 3891
4 3892
3 3893
3 3894
3 3895
1 3896
4 3897
3 3898
6 3899
9 3900
7 3901
5 3902
4 3903
6 3904
7 3905
6 3906
6 3907
3 3908
4 3909
5 3910
2 3911
4 3912
7 3913
6 3914
8 3915
8 3916
4 3917
4 3918
2 3919
3 3920
5 3921
3 3922
3 3923
4 3924
4 3925
3 3926
9 3927
7 3928
4 3929
6 3930
3 3931
9 3932
2 3933
6 3934
5 3935
8 3936
6 3937
5 3938
6 3939
5 3940
4 3941
4 3942
3 3943
5 3944
2 3945
4 3946
4 3947
1 3948
6 3949
2 3950
6 3951
5 3952
4 3953
4 3954
4 3955
3 3956
5 3957
8 3958
9 3959
8 3960
5 3961
5 3962
4 3963
6 3964
3 3965
4 3966
6 3967
5 3968
5 3969
2 3970
6 3971
6 3972
2 3973
1 3974
10 3975
4 3976
5 3977
6 3978
8 3979
6 3980
8 3981
4 3982
4 3983
4 3984
4 3985
3 3986
4 3987
8 3988
1 3989
6 3990
12 3991
1 3992
5 3993
4 3994
5 3995
8 3996
7 3997
3 3998
5 3999
8 4000
5 4001
6 4002
8 4003
5 4004
5 4005
8 4006
7 4007
7 4008
13 4009
9 4010
5 4011
2 4012
8 4013
5 4014
6 4015
7 4016
6 4017
5 4018
2 4019
3 4020
1 4021
4 4022
6 4023
5 4024
4 4025
5 4026
1 4027
7 4028
2 4029
1 4030
7 4031
6 4032
3 4033
2 4034
5 4035
5 4036
8 4037
5 4038
7 4039
4 4040
2 4041
6 4042
8 4043
4 4044
4 4045
5 4046
6 4047
2 4048
9 4049
5 4050
5 4051
5 4052
6 4053
4 4054
2 4055
2 4056
2 4057
5 4058
4 4059
7 4060
5 4061
2 4062
4 4063
5 4064
5 4065
3 4066
4 4067
10 4068
5 4069
9 4070
5 4071
6 4072
5 4073
2 4074
1 4075
8 4076
2 4077
6 4078
7 4079
4 4080
2 4081
5 4082
4 4083
8 4084
1 4085
11 4086
6 4087
4 4088
7 4089
9 4090
6 4091
5 4092
6 4093
8 4094
4 4095
7 4096
6 4097
7 4098
7 4099
7 4100
5 4101
2 4102
4 4103
2 4104
9 4105
4 4106
7 4107
6 4108
2 4109
6 4110
2 4111
2 4112
10 4113
3 4114
4 4115
6 4116
4 4117
7 4118
8 4119
3 4120
4 4121
10 4122
4 4123
4 4124
7 4125
7 4126
9 4127
5 4128
9 4129
4 4130
8 4131
3 4132
6 4133
5 4134
4 4135
2 4136
5 4137
4 4138
7 4139
2 4140
10 4141
1 4142
4 4143
4 4144
8 4145
7 4146
2 4147
7 4148
2 4149
3 4150
6 4151
5 4152
7 4153
6 4154
6 4155
5 4156
2 4157
7 4158
5 4159
2 4160
3 4161
5 4162
5 4163
4 4164
6 4165
5 4166
4 4167
8 4168
6 4169
6 4170
2 4171
1 4172
2 4173
4 4174
7 4175
3 4176
5 4177
4 4178
1 4179
3 4180
8 4181
11 4182
7 4183
5 4184
5 4185
3 4186
7 4187
3 4188
5 4189
6 4190
8 4191
4 4192
8 4193
4 4194
4 4195
4 4196
5 4197
5 4198
7 4199
8 4200
7 4201
4 4202
4 4203
5 4204
3 4205
6 4206
6 4207
3 4208
6 4209
3 4210
4 4211
9 4212
8 4213
4 4214
5 4215
4 4216
5 4217
4 4218
4 4219
1 4220
1 4221
3 4222
11 4223
4 4224
6 4225
5 4226
3 4227
2 4228
6 4229
7 4230
4 4231
5 4232
5 4233
1 4234
4 4235
6 4236
3 4237
3 4238
6 4239
8 4240
3 4241
5 4242
3 4243
7 4244
3 4245
3 4246
9 4247
4 4248
5 4249
6 4250
5 4251
6 4252
2 4253
8 4254
7 4255
7 4256
5 4257
8 4258
7 4259
7 4260
2 4261
3 4262
7 4263
7 4264
7 4265
7 4266
7 4267
10 4268
2 4269
3 4270
3 4271
5 4272
5 4273
2 4274
4 4275
6 4276
5 4277
5 4278
4 4279
3 4280
11 4281
3 4282
3 4283
7 4284
4 4285
4 4286
1 4287
4 4288
10 4289
8 4290
6 4291
3 4292
4 4293
5 4294
4 4295
2 4296
8 4297
6 4298
2 4299
7 4300
9 4301
4 4302
6 4303
4 4304
6 4305
9 4306
6 4307
4 4308
6 4309
5 4310
2 4311
6 4312
5 4313
4 4314
8 4315
3 4316
4 4317
6 4318
6 4319
4 4320
4 4321
11 4322
8 4323
3 4324
11 4325
3 4326
4 4327
3 4328
6 4329
4 4330
2 4331
3 4332
6 4333
6 4334
7 4335
3 4336
6 4337
5 4338
3 4339
3 4340
4 4341
6 4342
5 4343
1 4344
3 4345
3 4346
4 4347
2 4348
4 4349
3 4350
1 4351
3 4352
9 4353
4 4354
5 4355
3 4356
1 4357
8 4358
4 4359
6 4360
1 4361
6 4362
6 4363
1 4364
7 4365
5 4366
4 4367
1 4368
2 4369
7 4370
4 4371
4 4372
6 4373
4 4374
3 4375
6 4376
5 4377
4 4378
7 4379
4 4380
3 4381
2 4382
2 4383
3 4384
2 4385
6 4386
9 4387
3 4388
5 4389
4 4390
5 4391
4 4392
2 4393
4 4394
6 4395
7 4396
8 4397
4 4398
6 4399
2 4400
7 4401
5 4402
4 4403
6 4404
5 4405
5 4406
4 4407
5 4408
2 4409
5 4410
2 4411
4 4412
5 4413
9 4414
5 4415
7 4416
3 4417
3 4418
2 4419
4 4420
6 4421
7 4422
4 4423
6 4424
2 4425
6 4426
8 4427
4 4428
3 4429
2 4430
7 4431
4 4432
2 4433
7 4434
3 4435
8 4436
5 4437
4 4438
6 4439
2 4440
6 4441
5 4442
2 4443
5 4444
3 4445
7 4446
5 4447
7 4448
4 4449
2 4450
5 4451
1 4452
2 4453
6 4454
5 4455
4 4456
8 4457
4 4458
6 4459
3 4460
3 4461
6 4462
5 4463
7 4464
3 4465
1 4466
1 4467
9 4468
12 4469
5 4470
5 4471
8 4472
8 4473
3 4474
3 4475
4 4476
7 4477
5 4478
3 4479
6 4480
2 4481
2 4482
4 4483
3 4484
9 4485
12 4486
1 4487
10 4488
6 4489
6 4490
6 4491
5 4492
2 4493
5 4494
2 4495
4 4496
6 4497
5 4498
7 4499
7 4500
7 4501
3 4502
5 4503
4 4504
2 4505
5 4506
5 4507
5 4508
2 4509
7 4510
6 4511
10 4512
1 4513
1 4514
9 4515
4 4516
3 4517
8 4518
5 4519
5 4520
4 4521
8 4522
8 4523
4 4524
6 4525
2 4526
2 4527
7 4528
2 4529
6 4530
5 4531
2 4532
2 4533
3 4534
3 4535
6 4536
4 4537
10 4538
2 4539
5 4540
5 4541
8 4542
5 4543
8 4544
3 4545
4 4546
1 4547
2 4548
2 4549
5 4550
5 4551
5 4552
4 4553
9 4554
6 4555
6 4556
7 4557
5 4558
7 4559
5 4560
3 4561
3 4562
2 4563
2 4564
4 4565
10 4566
7 4567
4 4568
3 4569
7 4570
8 4571
9 4572
4 4573
9 4574
4 4575
6 4576
5 4577
4 4578
2 4579
5 4580
2 4581
2 4582
3 4583
5 4584
6 4585
4 4586
6 4587
4 4588
8 4589
4 4590
2 4591
5 4592
4 4593
2 4594
4 4595
8 4596
8 4597
11 4598
4 4599
7 4600
4 4601
3 4602
2 4603
9 4604
10 4605
5 4606
6 4607
3 4608
2 4609
7 4610
9 4611
3 4612
7 4613
5 4614
6 4615
2 4616
5 4617
2 4618
7 4619
6 4620
5 4621
4 4622
4 4623
2 4624
6 4625
4 4626
7 4627
6 4628
6 4629
3 4630
5 4631
3 4632
6 4633
1 4634
8 4635
5 4636
6 4637
5 4638
5 4639
3 4640
2 4641
8 4642
1 4643
5 4644
2 4645
4 4646
7 4647
4 4648
5 4649
1 4650
1 4651
6 4652
1 4653
3 4654
4 4655
12 4656
6 4657
7 4658
7 4659
3 4660
5 4661
2 4662
3 4663
7 4664
5 4665
8 4666
6 4667
5 4668
5 4669
9 4670
4 4671
7 4672
8 4673
4 4674
3 4675
8 4676
4 4677
7 4678
7 4679
8 4680
5 4681
9 4682
3 4683
7 4684
2 4685
4 4686
5 4687
4 4688
7 4689
3 4690
2 4691
2 4692
5 4693
4 4694
5 4695
4 4696
7 4697
4 4698
10 4699
5 4700
3 4701
9 4702
6 4703
2 4704
3 4705
7 4706
3 4707
7 4708
2 4709
3 4710
4 4711
6 4712
4 4713
4 4714
6 4715
9 4716
2 4717
3 4718
10 4719
4 4720
4 4721
2 4722
10 4723
10 4724
3 4725
3 4726
7 4727
2 4728
8 4729
4 4730
6 4731
9 4732
7 4733
4 4734
6 4735
1 4736
2 4737
7 4738
8 4739
3 4740
2 4741
7 4742
8 4743
10 4744
5 4745
5 4746
7 4747
6 4748
7 4749
8 4750
4 4751
3 4752
3 4753
6 4754
7 4755
8 4756
6 4757
1 4758
10 4759
10 4760
2 4761
7 4762
5 4763
4 4764
10 4765
5 4766
5 4767
4 4768
7 4769
4 4770
4 4771
4 4772
5 4773
2 4774
3 4775
7 4776
7 4777
4 4778
8 4779
6 4780
7 4781
8 4782
6 4783
3 4784
5 4785
7 4786
2 4787
7 4788
8 4789
3 4790
9 4791
7 4792
8 4793
1 4794
3 4795
2 4796
4 4797
3 4798
7 4799
3 4800
7 4801
2 4802
4 4803
7 4804
4 4805
4 4806
3 4807
7 4808
2 4809
4 4810
7 4811
10 4812
5 4813
6 4814
3 4815
3 4816
10 4817
6 4818
3 4819
8 4820
5 4821
4 4822
6 4823
4 4824
6 4825
5 4826
4 4827
3 4828
5 4829
8 4830
10 4831
7 4832
5 4833
8 4834
5 4835
4 4836
3 4837
2 4838
5 4839
4 4840
5 4841
2 4842
9 4843
4 4844
8 4845
2 4846
5 4847
6 4848
8 4849
2 4850
5 4851
9 4852
4 4853
6 4854
4 4855
9 4856
7 4857
12 4858
6 4859
6 4860
8 4861
6 4862
1 4863
3 4864
4 4865
6 4866
6 4867
8 4868
11 4869
2 4870
7 4871
3 4872
5 4873
3 4874
1 4875
4 4876
2 4877
3 4878
5 4879
7 4880
8 4881
2 4882
7 4883
4 4884
5 4885
2 4886
10 4887
4 4888
6 4889
4 4890
4 4891
6 4892
5 4893
7 4894
5 4895
3 4896
5 4897
6 4898
5 4899
3 4900
4 4901
3 4902
11 4903
5 4904
1 4905
5 4906
2 4907
8 4908
1 4909
5 4910
2 4911
8 4912
2 4913
8 4914
9 4915
6 4916
4 4917
4 4918
4 4919
7 4920
2 4921
4 4922
4 4923
7 4924
6 4925
5 4926
3 4927
5 4928
1 4929
4 4930
10 4931
3 4932
4 4933
1 4934
4 4935
10 4936
4 4937
8 4938
5 4939
5 4940
6 4941
3 4942
5 4943
5 4944
3 4945
11 4946
5 4947
4 4948
4 4949
6 4950
11 4951
5 4952
6 4953
4 4954
